Send a code from your remote and we will record it.
Decoded Unknown(0): Value:CC7560A4 Adrs:0 (32 bits) Raw samples(68) 28994 9050 4300 700 400 700 400 700 1550 700 1500 750 1500 700 1550 700 1500 700 450 700 1500 700 1550 700 400 700 450 700 400 700 400 700 450 650 1550 700 450 650 450 700 400 700 450 650 450 700 400 700 400 700 1550 700 1550 650 1550 700 1550 700 1500 700 1550 700 1500 700 1550 700 450 650Extent=67550Mark  min:650	 max:750Space min:400	 max:1550
Received NEC Value:0x3EC101FE
Received NECrepeat; ignoring.
 Value:0x3EC101FE
Received NECrepeat; ignoring.
 Value:0x3EC101FE
Decoded Unknown(0): Value:CC7560A4 Adrs:0 (32 bits) Raw samples(68) 13638 9100 4250 700 400 700 450 650 1550 650 1600 650 1550 650 1600 650 1600 650 450 650 1550 700 1550 650 450 700 450 650 450 700 400 700 450 650 1550 650 500 650 450 700 400 700 450 650 450 650 450 700 450 650 1550 650 1600 650 1550 650 1600 650 1550 700 1550 650 1600 650 1550 700 400 700Extent=67550Mark  min:650	 max:700Space min:400	 max:1600
Decoded Unknown(0): Value:CC7560A4 Adrs:0 (32 bits) Raw samples(68) 61676 8950 4400 700 400 700 400 700 1550 650 1550 700 1550 700 1550 650 1550 700 450 650 1550 650 1600 650 450 650 450 650 500 650 450 650 450 650 1600 650 450 650 500 650 450 650 450 650 500 650 450 650 450 700 1550 650 1550 650 1600 650 1600 600 1600 650 1600 650 1550 650 1600 650 450 650Extent=67500Mark  min:600	 max:700Space min:400	 max:1600
Decoded Unknown(0): Value:CC7560A4 Adrs:0 (32 bits) Raw samples(68) 10926 9000 4350 700 400 750 350 750 1500 700 1550 700 1500 700 1550 700 1500 700 450 700 1500 700 1550 700 400 700 400 700 450 650 450 700 400 700 1550 700 400 700 450 650 450 650 450 650 500 650 450 650 450 650 1600 650 1550 700 1550 700 1550 650 1550 650 1600 650 1550 650 1600 650 450 650Extent=67500Mark  min:650	 max:750Space min:350	 max:1600
Decoded Unknown(0): Value:3F15EF23 Adrs:0 (32 bits) Raw samples(68) 12536 9050 4300 750 400 700 1500 750 400 700 1500 700 1550 700 1500 700 1550 700 400 700 1550 700 400 700 1550 700 400 700 400 700 450 700 400 700 1550 700 400 700 400 700 450 700 400 700 1500 750 1500 700 450 700 400 700 1500 750 1500 750 1500 700 1500 700 400 750 400 700 1500 750 1500 750Extent=67650Mark  min:700	 max:750Space min:400	 max:1550
Decoded Unknown(0): Value:3F15EF23 Adrs:0 (32 bits) Raw samples(68) 45118 9000 4350 700 400 700 1550 650 450 700 1550 650 1550 650 1600 650 1600 650 450 650 1550 700 450 650 1550 700 450 650 450 650 450 700 450 650 1550 700 450 650 450 650 450 650 500 650 1550 700 1550 650 450 650 500 650 1550 700 1550 650 1550 700 1550 650 450 650 500 650 1550 700 1550 650Extent=67550Mark  min:650	 max:700Space min:400	 max:1600
Decoded Unknown(0): Value:3F15EF23 Adrs:0 (32 bits) Raw samples(68) 65154 9050 4300 700 450 650 1550 650 500 650 1550 700 1550 650 1550 650 1600 650 450 700 1550 650 450 700 1550 650 450 700 400 700 450 650 450 700 1550 650 450 650 450 700 450 650 450 650 1550 700 1550 650 500 650 450 700 1550 650 1550 700 1550 650 1550 650 500 650 450 650 1550 700 1550 700Extent=67600Mark  min:650	 max:700Space min:400	 max:1600
Decoded Unknown(0): Value:AC073923 Adrs:0 (32 bits) Raw samples(68) 58076 9000 4350 700 400 700 1550 650 1600 650 1550 700 1550 650 1550 700 1550 650 450 700 1550 650 450 700 400 700 450 650 450 650 450 650 500 650 1550 700 450 650 1550 700 450 650 1550 700 400 700 1550 700 400 700 450 650 1550 700 450 650 1550 700 400 700 1550 700 400 700 1550 650 1600 650Extent=67550Mark  min:650	 max:700Space min:400	 max:1600
Decoded Unknown(0): Value:AC073923 Adrs:0 (32 bits) Raw samples(68) 19088 9000 4300 750 400 700 1500 750 1500 750 1500 700 1500 750 1500 700 1500 750 400 700 1500 700 400 750 400 700 400 750 350 750 400 700 400 700 1550 700 400 700 1550 700 400 700 1550 700 400 700 1500 750 400 700 400 750 1500 700 400 700 1550 700 400 700 1500 750 400 700 1500 750 1500 700Extent=67550Mark  min:700	 max:750Space min:350	 max:1550
Decoded Unknown(0): Value:C126280E Adrs:0 (32 bits) Raw samples(68) 59834 9000 4350 700 400 700 1550 650 450 700 1550 650 1550 700 1550 700 1500 750 400 700 1500 700 450 700 1500 700 450 700 400 700 400 700 450 700 1500 750 1500 700 1500 700 1550 700 400 750 400 700 400 750 1500 700 400 750 350 750 400 700 400 750 1500 700 1500 750 1500 700 400 700 400 750Extent=66500Mark  min:650	 max:750Space min:350	 max:1550
Decoded Unknown(0): Value:C126280E Adrs:0 (32 bits) Raw samples(68) 868 9050 4300 700 400 750 1500 700 400 750 1500 700 1500 750 1500 700 1500 700 450 700 1500 700 450 700 1500 700 400 750 400 700 400 700 400 750 1500 700 1550 700 1500 750 1500 700 400 700 450 700 400 700 1550 700 400 700 400 700 400 750 400 700 1500 700 1550 700 1550 700 400 700 400 700Extent=66450Mark  min:700	 max:750Space min:400	 max:1550
Decoded Unknown(0): Value:C126280E Adrs:0 (32 bits) Raw samples(68) 37098 9100 4250 750 400 750 1450 700 450 700 1500 700 1550 650 1550 700 1550 650 450 700 1550 650 450 700 1550 650 450 700 400 700 450 650 450 700 1550 650 1550 650 1600 650 1550 650 500 650 450 700 450 650 1550 650 500 650 450 650 450 700 400 700 1550 700 1550 650 1550 650 500 650 450 700Extent=66500Mark  min:650	 max:750Space min:400	 max:1600
Decoded Unknown(0): Value:1161B6AA Adrs:0 (32 bits) Raw samples(68) 252 9050 4300 750 350 750 1500 750 350 700 1550 700 1500 700 1550 700 1500 750 400 700 1500 750 400 700 1500 700 400 750 400 700 400 700 400 750 1500 700 400 750 1500 700 400 700 1550 700 400 700 450 700 1500 750 400 700 1500 700 450 700 1500 700 400 750 1500 700 1550 700 400 750 350 750Extent=66500Mark  min:700	 max:750Space min:350	 max:1550
Decoded Unknown(0): Value:1161B6AA Adrs:0 (32 bits) Raw samples(68) 56590 9050 4300 750 400 700 1500 750 350 750 1500 700 1550 700 1500 700 1550 700 400 700 1550 700 400 700 1550 700 400 700 400 700 450 650 450 700 1500 700 450 700 1500 700 450 700 1500 700 450 700 400 700 1550 700 400 700 1550 700 400 700 1550 700 400 700 1550 700 1500 700 400 750 400 700Extent=66500Mark  min:650	 max:750Space min:350	 max:1550
Decoded Unknown(0): Value:1161B6AA Adrs:0 (32 bits) Raw samples(68) 37554 9050 4300 700 400 750 1500 700 400 700 1550 700 1500 700 1550 700 1500 700 450 700 1500 700 400 750 1500 700 400 750 400 700 400 700 400 700 1550 700 400 700 1550 700 400 700 1550 650 450 700 450 650 1550 700 450 700 1500 700 400 700 1550 700 400 700 1550 650 1550 700 450 650 450 700Extent=66450Mark  min:650	 max:750Space min:400	 max:1550
Decoded Unknown(0): Value:5160D986 Adrs:0 (32 bits) Raw samples(68) 29418 9100 4250 750 400 700 1500 750 400 700 1500 700 1550 700 1500 750 1500 700 400 700 1550 700 400 700 1550 700 400 750 350 750 400 700 400 750 1500 700 1500 700 450 700 1500 700 1550 700 400 750 400 700 1500 700 450 700 400 700 1550 700 400 700 400 750 1500 700 1500 700 450 700 400 700Extent=66500Mark  min:700	 max:750Space min:350	 max:1550
Decoded Unknown(0): Value:5160D986 Adrs:0 (32 bits) Raw samples(68) 146 9000 4350 700 400 700 1550 650 450 700 1550 650 1550 700 1550 650 1550 700 450 650 1550 700 450 650 1550 700 400 700 450 650 450 650 450 700 1550 700 1550 650 450 650 1600 650 1550 700 450 650 450 650 1600 650 450 650 450 650 1600 650 450 700 450 650 1550 700 1550 650 450 650 450 700Extent=66450Mark  min:650	 max:700Space min:400	 max:1600
Decoded Unknown(0): Value:5160D986 Adrs:0 (32 bits) Raw samples(68) 38454 9000 4350 650 450 700 1550 650 450 650 1600 650 1550 700 1550 650 1550 700 450 650 1550 700 400 700 1550 650 450 650 500 650 450 650 450 700 1550 650 1600 650 450 650 1550 650 1600 650 500 650 450 650 1600 650 450 650 450 650 1600 650 450 650 450 700 1550 650 1600 650 450 650 450 650Extent=66400Mark  min:650	 max:700Space min:400	 max:1600
Decoded Unknown(0): Value:832A726E Adrs:0 (32 bits) Raw samples(68) 56396 9000 4350 650 450 700 1550 650 450 700 1550 650 1550 700 1550 650 1550 700 450 650 1550 700 450 650 1550 700 400 700 450 650 450 700 400 700 1550 700 400 700 450 650 450 700 400 700 1550 650 450 700 1550 650 450 700 1550 650 1550 700 1550 650 1550 700 450 650 1550 700 450 650 450 700Extent=66450Mark  min:650	 max:700Space min:400	 max:1550
Decoded Unknown(0): Value:832A726E Adrs:0 (32 bits) Raw samples(68) 7118 9050 4300 700 450 650 1550 700 400 700 1550 650 1600 650 1550 700 1550 650 450 650 1600 650 450 650 1600 650 450 650 450 700 400 700 450 650 1550 700 450 650 450 700 400 700 450 650 1550 700 450 650 1550 700 450 650 1550 650 1600 650 1550 650 1600 650 450 700 1550 650 450 700 400 700Extent=66450Mark  min:650	 max:700Space min:400	 max:1600
Received NEC Value:0x5EA10AF4
Received NECrepeat; ignoring.
 Value:0x5EA10AF4
Received NECrepeat; ignoring.
 Value:0x5EA10AF4
Decoded Unknown(0): Value:832A726E Adrs:0 (32 bits) Raw samples(68) 10296 9050 4300 700 400 700 1550 650 450 700 1550 650 1550 700 1550 650 1550 700 450 650 1550 700 450 700 1500 700 450 650 450 700 400 700 400 750 1500 700 400 750 400 700 400 700 400 750 1500 700 400 750 1500 700 400 700 1550 700 1500 700 1550 700 1500 700 450 700 1500 700 450 700 400 700Extent=66450Mark  min:650	 max:750Space min:400	 max:1550
Decoded Unknown(0): Value:8BF133CE Adrs:0 (32 bits) Raw samples(68) 23644 9100 4250 650 450 700 1550 650 450 700 1550 700 1500 700 1550 650 1550 700 450 700 1500 700 450 700 1500 700 450 700 400 700 450 650 450 700 1500 700 1550 650 1550 700 450 650 450 700 1550 650 450 700 1550 650 450 700 400 700 450 700 1500 700 1550 650 450 700 1550 700 400 700 400 750Extent=66500Mark  min:650	 max:750Space min:400	 max:1550
Decoded Unknown(0): Value:C2AB77E3 Adrs:0 (35 bits) Raw samples(74) 19740 9000 4350 750 100 100 150 850 1400 700 400 700 1550 800 1450 650 1550 700 1500 700 450 700 1500 700 450 650 1550 700 450 650 450 650 500 650 450 650 1550 700 1550 850 1400 650 100 100 250 650 450 650 100 100 1400 700 450 650 1550 700 400 700 450 650 450 650 1600 650 1550 700 450 650 1550 850 250 700 450 650Extent=66450Mark  min:100	 max:850Space min:100	 max:1600
Decoded Unknown(0): Value:F5CC82F4 Adrs:0 (33 bits) Raw samples(70) 47612 9050 4300 900 200 700 100 50 1400 650 450 700 1550 650 1550 700 1550 650 1550 700 450 650 1550 700 450 650 1550 700 450 650 450 650 450 700 450 650 1550 700 1550 650 1550 700 450 650 450 700 1550 650 450 700 1550 650 450 700 400 700 450 650 1550 700 1550 650 450 700 1550 650 450 700 400 700Extent=66450Mark  min:50	 max:900Space min:100	 max:1550
Decoded Unknown(0): Value:1EC87104 Adrs:0 (35 bits) Raw samples(74) 38482 9000 100 50 4200 850 250 650 1600 650 450 650 1600 650 1550 700 100 50 1400 650 1550 700 100 50 300 650 1550 700 400 700 1550 650 450 700 450 650 450 700 400 700 1550 650 1550 700 1550 700 400 700 450 700 1550 650 450 650 1550 700 450 650 450 700 400 700 1550 700 1550 650 450 700 1500 700 450 700 400 750Extent=66500Mark  min:50	 max:850Space min:100	 max:4200
Decoded Unknown(0): Value:15D1BF37 Adrs:0 (34 bits) Raw samples(72) 18454 9000 4300 700 400 750 1500 750 350 750 1500 700 1550 700 1500 750 1500 750 350 700 1500 750 400 700 1550 700 400 750 350 900 200 700 450 750 1450 750 100 50 250 700 100 100 1300 750 1500 700 400 750 1500 700 400 750 1500 750 350 750 1500 700 400 900 200 750 1500 750 350 750 1500 750 350 750 400 700Extent=66450Mark  min:50	 max:900Space min:100	 max:1550
Decoded Unknown(0): Value:1AA596B5 Adrs:0 (33 bits) Raw samples(70) 1218 9000 4350 700 400 750 1500 700 400 700 1500 750 1500 750 1500 700 1500 750 350 750 1500 750 350 750 1500 700 400 750 400 700 400 700 450 700 1500 750 350 750 1500 700 1550 700 400 700 100 100 1350 700 400 700 1500 750 400 700 1500 750 400 700 400 750 1500 700 400 750 1450 750 400 700 400 750Extent=66500Mark  min:100	 max:750Space min:100	 max:1550
Decoded Unknown(0): Value:DBCEBA46 Adrs:0 (32 bits) Raw samples(68) 13060 9250 4100 700 400 700 1550 650 450 700 1550 650 1550 700 1550 700 1550 650 450 700 1550 650 450 700 1500 700 450 700 400 700 400 700 450 700 1500 700 450 700 1500 700 1550 700 400 700 1550 700 400 750 1500 700 400 700 1550 700 400 750 350 750 1500 700 400 750 1500 700 400 700 400 750Extent=66500Mark  min:650	 max:750Space min:350	 max:1550
Decoded Unknown(0): Value:5E7AC2C6 Adrs:0 (35 bits) Raw samples(74) 59310 9000 100 100 100 50 3950 700 450 650 1550 700 400 700 1550 700 1550 650 1550 700 1550 650 450 700 1550 650 450 700 1550 650 450 700 450 650 100 100 250 700 400 700 1500 700 450 700 1500 700 1550 700 450 650 1550 700 450 700 1500 850 250 700 1550 700 400 750 400 800 1450 650 400 750 1500 700 400 750 400 700Extent=66450Mark  min:50	 max:850Space min:100	 max:3950
Decoded Unknown(0): Value:B7D63C21 Adrs:0 (33 bits) Raw samples(70) 9732 9100 4250 700 400 750 1500 700 100 50 250 750 1450 750 1500 700 1550 700 1550 650 450 750 1450 700 400 750 1500 700 400 750 400 750 350 850 250 750 1500 700 1550 850 250 700 400 700 1550 700 1550 800 300 750 1500 700 400 700 400 750 1500 700 1500 700 450 700 400 700 1550 700 400 700 400 700Extent=66450Mark  min:50	 max:850Space min:100	 max:1550
Decoded Unknown(0): Value:863CF455 Adrs:0 (33 bits) Raw samples(70) 18868 9050 4250 700 450 700 1500 700 450 650 1550 700 1550 650 1550 700 1550 650 450 700 1550 650 450 700 1550 650 450 700 400 700 450 650 450 700 1550 650 1550 650 500 650 450 700 1550 650 1550 650 500 650 1550 650 500 650 450 700 1550 650 1550 650 450 700 450 650 100 50 1400 650 500 650 450 700Extent=66450Mark  min:50	 max:700Space min:100	 max:1550
Decoded Unknown(0): Value:BF26C46 Adrs:0 (32 bits) Raw samples(68) 39368 9050 4300 700 400 750 1500 700 400 750 1500 700 1500 700 1550 700 1500 700 450 700 1500 700 450 700 1500 700 450 700 400 700 400 750 350 750 1500 700 1550 650 450 700 400 700 1550 700 1550 650 450 700 1550 650 450 700 400 700 1550 700 1500 700 450 700 400 700 1550 650 450 700 400 700Extent=66450Mark  min:650	 max:750Space min:350	 max:1550
Decoded Unknown(0): Value:BF26C46 Adrs:0 (32 bits) Raw samples(68) 45104 9050 4300 700 400 750 1500 700 400 750 1450 750 1500 750 1500 700 1500 750 400 700 1500 750 350 750 1500 700 400 750 400 700 400 750 350 750 1500 700 1550 700 400 700 400 750 1500 700 1550 700 400 700 1550 700 400 700 400 750 1500 700 1500 700 450 700 400 700 1550 700 400 750 350 750Extent=66500Mark  min:700	 max:750Space min:350	 max:1550
Decoded Unknown(0): Value:233F2FEC Adrs:0 (34 bits) Raw samples(72) 4760 8950 4350 800 350 700 1550 700 400 800 1400 700 100 50 1400 850 1400 800 1400 850 250 700 1550 800 300 700 1550 700 400 700 450 650 450 650 450 700 1550 700 400 700 100 100 250 650 1550 700 1550 650 1600 650 450 700 1500 700 450 650 1550 700 1550 700 400 700 450 650 450 650 1600 850 200 700 450 650Extent=66400Mark  min:50	 max:850Space min:100	 max:1600
Decoded Unknown(0): Value:B1DA1B1C Adrs:0 (38 bits) Raw samples(80) 33240 250 150 8600 4350 600 550 700 1500 650 450 700 1550 650 1600 550 1650 600 1650 550 550 700 1550 650 450 700 1550 750 350 700 400 700 100 100 250 650 450 650 1550 750 400 650 100 250 100 800 1450 650 100 100 1350 1000 1250 700 400 700 1550 850 250 700 1550 700 100 50 1400 800 300 800 300 700 100 50 300 650 1550 700 400 850 300 650Extent=66450Mark  min:50	 max:8600Space min:100	 max:4350
Decoded Unknown(0): Value:4F41806C Adrs:0 (37 bits) Raw samples(78) 42640 9000 4300 750 400 700 1550 700 100 100 200 700 1550 700 1500 750 1500 750 1450 700 450 650 100 50 1400 750 400 800 1400 750 350 700 100 50 300 650 450 700 400 700 1550 700 400 700 450 650 1550 700 1550 700 1550 700 100 100 150 900 1400 700 400 700 1500 700 1550 750 350 700 450 650 100 50 300 700 1550 700 400 700 400 700Extent=66450Mark  min:50	 max:900Space min:100	 max:1550
Decoded Unknown(0): Value:24629AD0 Adrs:0 (37 bits) Raw samples(78) 26268 9050 100 100 4100 900 250 700 1500 800 350 700 100 50 1350 900 1350 700 1500 700 1550 700 100 50 250 700 1550 700 400 700 1550 700 400 750 350 700 450 700 400 700 1550 850 250 800 300 700 1550 700 1500 700 1550 700 450 650 100 50 1400 700 450 700 1500 600 1650 550 550 700 400 850 100 50 150 650 1550 600 550 650 450 700Extent=66500Mark  min:50	 max:900Space min:100	 max:4100
Decoded Unknown(0): Value:22570C6E Adrs:0 (32 bits) Raw samples(68) 22160 8950 4350 700 450 650 1550 700 450 650 1550 700 1550 650 1550 700 1550 700 400 700 1550 650 450 700 1550 650 450 650 450 700 450 650 450 650 1600 650 1550 650 1600 650 1550 650 1600 700 1550 650 450 650 1600 650 450 650 450 650 500 700 400 650 450 700 450 650 1550 700 450 650 450 650Extent=66400Mark  min:650	 max:700Space min:400	 max:1600
Received NEC Value:0x5EA1FA04
Received NECrepeat; ignoring.
 Value:0x5EA1FA04
Received NECrepeat; ignoring.
 Value:0x5EA1FA04
Decoded Unknown(0): Value:22570C6E Adrs:0 (32 bits) Raw samples(68) 47310 8950 4350 700 400 700 1550 700 400 650 1600 650 1600 650 1550 700 1550 650 450 650 1600 650 450 650 1550 700 450 650 450 650 450 650 500 650 1550 650 1600 650 1600 650 1550 650 1600 650 1600 650 450 650 1550 700 450 650 450 650 450 650 500 650 450 650 450 650 1600 650 450 650 500 650Extent=66400Mark  min:650	 max:700Space min:400	 max:1600
Received NEC Value:0x5EA1FA04
Received NECrepeat; ignoring.
 Value:0x5EA1FA04
Received NECrepeat; ignoring.
 Value:0x5EA1FA04
Received NEC Value:0x5EA1FA04
Received NECrepeat; ignoring.
 Value:0x5EA1FA04
Received NECrepeat; ignoring.
 Value:0x5EA1FA04
Decoded Unknown(0): Value:22570C6E Adrs:0 (32 bits) Raw samples(68) 6622 9000 4350 700 400 700 1550 650 450 650 1600 650 1550 650 1600 650 1600 650 450 650 1550 700 450 650 1550 650 500 650 450 650 450 650 500 650 1550 650 1600 650 1550 700 1550 650 1600 650 1550 650 500 650 1550 650 500 650 450 650 450 650 500 650 450 650 450 650 1600 650 450 650 500 650Extent=66450Mark  min:650	 max:700Space min:400	 max:1600
Decoded Unknown(0): Value:22570C6E Adrs:0 (32 bits) Raw samples(68) 26882 9000 4350 700 400 650 1600 650 450 650 1600 650 1550 650 1600 650 1600 650 450 650 1550 650 500 650 1550 650 500 650 450 650 450 650 500 650 1550 650 1600 650 1550 650 1600 650 1600 650 1550 650 500 650 1550 650 500 650 450 650 450 650 500 650 450 650 450 650 1600 650 450 650 500 650Extent=66450Mark  min:650	 max:700Space min:400	 max:1600
Received NEC Value:0x5EA146B8
Received NECrepeat; ignoring.
 Value:0x5EA146B8
Decoded Unknown(0): Value:5A9F06A Adrs:0 (32 bits) Raw samples(68) 39986 9050 4300 700 400 700 1550 700 400 700 1550 700 1500 750 1500 700 1550 650 450 700 1550 650 450 700 1500 700 450 700 400 700 400 750 400 700 1500 700 450 700 1500 700 450 700 400 700 400 700 1550 700 1550 700 400 700 1550 700 400 700 1500 700 1550 700 1550 700 400 700 400 700 400 750Extent=66500Mark  min:650	 max:750Space min:400	 max:1550
Decoded Unknown(0): Value:5A9F06A Adrs:0 (32 bits) Raw samples(68) 40468 9100 4250 700 450 700 1500 700 450 700 1500 700 1550 650 1550 700 1550 700 400 700 1550 700 400 700 1550 650 450 700 400 750 400 700 400 700 1550 700 400 700 1550 700 400 700 400 700 450 700 1500 700 1550 700 400 700 1550 700 400 700 1550 700 1500 700 1550 700 400 700 450 700 400 700Extent=66500Mark  min:650	 max:750Space min:400	 max:1550
Decoded Unknown(0): Value:5A9F06A Adrs:0 (32 bits) Raw samples(68) 23446 9050 4300 700 400 700 1550 700 400 700 1550 700 1500 700 1550 650 1550 700 450 700 1500 700 450 700 1500 700 450 700 400 700 400 750 400 700 1500 700 400 750 1500 700 400 750 400 700 400 700 1550 700 1500 750 400 700 1500 700 450 700 1500 700 1550 700 1500 750 400 700 400 700 400 700Extent=66450Mark  min:650	 max:750Space min:400	 max:1550
Decoded Unknown(0): Value:5A9F06A Adrs:0 (32 bits) Raw samples(68) 37082 9100 4250 700 450 700 1500 700 450 700 1500 700 1550 700 1500 700 1550 700 400 700 1550 700 400 700 1550 700 400 700 400 700 450 700 400 700 1550 700 400 700 1550 700 400 700 400 750 350 750 1500 700 1550 700 400 700 1550 700 400 700 1550 700 1500 700 1550 700 400 700 400 750 400 700Extent=66500Mark  min:700	 max:750Space min:350	 max:1550
Decoded Unknown(0): Value:B5FB188E Adrs:0 (32 bits) Raw samples(68) 46318 9050 4250 700 450 700 1500 750 400 700 1500 700 1550 700 1500 700 1550 700 400 700 1550 700 400 700 1550 700 400 700 400 700 450 700 400 700 1550 700 1500 700 400 750 1500 700 400 750 400 700 1500 700 1550 700 400 700 450 700 1500 700 400 750 1500 700 1550 700 400 700 400 700 450 700Extent=66450Mark  min:700	 max:750Space min:400	 max:1550
Decoded Unknown(0): Value:B5FB188E Adrs:0 (32 bits) Raw samples(68) 16718 9050 4250 700 450 700 1500 750 350 750 1500 700 1550 700 1500 700 1550 700 400 700 1550 700 400 700 1550 700 400 700 400 700 450 700 400 700 1550 700 1500 700 400 750 1500 700 400 700 450 700 1500 700 1550 700 400 700 400 750 1500 700 400 750 1500 700 1550 700 400 700 400 750 400 700Extent=66450Mark  min:700	 max:750Space min:350	 max:1550
Decoded Unknown(0): Value:B5FB188E Adrs:0 (32 bits) Raw samples(68) 52932 9050 4250 750 400 700 1500 700 450 700 1500 700 1550 700 1500 700 1550 700 400 750 1500 700 400 750 1500 700 400 700 400 750 400 700 400 700 1550 700 1500 700 400 750 1500 700 400 700 450 700 1500 700 1550 700 400 700 450 700 1500 700 400 750 1500 750 1500 700 400 700 400 700 450 700Extent=66450Mark  min:700	 max:750Space min:400	 max:1550
Decoded Unknown(0): Value:B5FB188E Adrs:0 (32 bits) Raw samples(68) 49254 9050 4250 750 400 700 1500 750 350 750 1500 700 1550 700 1500 700 1550 700 400 700 1550 700 400 700 1550 700 400 700 400 700 450 700 400 700 1500 750 1500 700 400 750 1500 700 400 700 450 700 1500 700 1550 700 400 750 350 750 1500 700 400 750 1500 700 1550 700 400 700 400 700 450 700Extent=66450Mark  min:700	 max:750Space min:350	 max:1550
Decoded Unknown(0): Value:B63D66AA Adrs:0 (32 bits) Raw samples(68) 1688 9050 4300 700 400 750 1450 750 400 700 1500 750 1500 700 1500 750 1500 700 400 750 1500 700 400 750 1500 700 400 700 450 700 400 700 400 750 1500 700 400 700 400 750 400 700 1500 750 400 700 1500 750 1500 750 350 750 1500 750 1500 700 1500 700 400 750 1500 700 400 750 400 700 400 700Extent=66450Mark  min:700	 max:750Space min:350	 max:1500
Decoded Unknown(0): Value:B63D66AA Adrs:0 (32 bits) Raw samples(68) 6996 9050 4250 750 400 700 1500 750 400 700 1500 750 1500 700 1500 750 1500 700 400 750 1500 700 400 700 1550 700 400 700 400 750 400 700 400 700 1550 700 400 700 400 750 400 700 1500 700 450 700 1500 750 1500 700 400 750 1500 700 1550 700 1500 700 400 750 1500 700 400 700 450 700 400 700Extent=66450Mark  min:700	 max:750Space min:400	 max:1550
Decoded Unknown(0): Value:B63D66AA Adrs:0 (32 bits) Raw samples(68) 20218 9050 4300 700 400 750 1500 700 400 700 1550 700 1500 700 1550 700 1500 750 400 700 1500 750 400 700 1500 700 400 750 400 700 400 700 400 750 1500 700 400 700 450 700 400 700 1550 700 400 700 1550 700 1500 700 450 700 1500 700 1550 700 1500 700 450 700 1500 700 450 700 400 700 400 700Extent=66450Mark  min:700	 max:750Space min:400	 max:1550
Decoded Unknown(0): Value:B63D66AA Adrs:0 (32 bits) Raw samples(68) 55060 9100 4250 750 400 700 1500 750 400 700 1500 750 1500 700 1500 700 1550 700 400 700 1550 700 400 700 1550 700 400 700 400 700 450 700 400 700 1550 700 400 700 400 750 400 700 1500 700 450 700 1500 700 1550 700 400 700 1550 700 1500 750 1500 700 400 700 1550 700 400 700 400 750 400 700Extent=66500Mark  min:700	 max:750Space min:400	 max:1550
Decoded Unknown(0): Value:88CECA43 Adrs:0 (32 bits) Raw samples(68) 16268 9050 4300 700 400 750 1500 700 400 700 1550 700 1500 700 1550 700 1500 750 400 700 1500 700 450 700 1500 700 400 750 400 700 400 700 400 750 1500 700 1550 700 400 700 1500 750 400 700 1550 700 400 700 1550 700 400 700 400 750 1500 700 400 700 1550 700 400 700 1550 700 400 700 1550 700Extent=67600Mark  min:700	 max:750Space min:400	 max:1550
Decoded Unknown(0): Value:88CECA43 Adrs:0 (32 bits) Raw samples(68) 26454 9100 4250 700 400 750 1500 700 400 750 1500 700 1500 750 1500 700 1500 750 400 700 1500 750 400 700 1500 750 350 750 400 700 400 700 400 750 1500 700 1550 700 400 700 1500 750 400 700 1550 700 400 750 1500 700 400 700 400 700 1550 700 400 700 1550 700 400 700 1550 700 400 700 1550 700Extent=67600Mark  min:700	 max:750Space min:350	 max:1550
Decoded Unknown(0): Value:88CECA43 Adrs:0 (32 bits) Raw samples(68) 27454 9100 4250 700 400 750 1500 700 400 750 1500 700 1500 750 1500 700 1500 750 400 700 1500 750 400 700 1500 750 400 700 400 700 400 700 450 700 1500 700 1550 700 400 700 1550 700 400 700 1550 700 400 700 1550 700 400 700 400 750 1500 700 400 700 1550 700 400 700 1550 700 400 750 1500 700Extent=67600Mark  min:700	 max:750Space min:400	 max:1550
Decoded Unknown(0): Value:88CECA43 Adrs:0 (32 bits) Raw samples(68) 10582 9050 4250 700 400 750 1500 750 350 750 1500 700 1550 700 1500 700 1550 700 400 700 1550 700 400 700 1500 750 400 700 400 750 350 750 400 700 1500 750 1500 700 400 700 1550 700 400 700 1550 700 400 750 1500 700 400 750 400 700 1500 700 450 700 1500 700 400 750 1500 700 400 700 1550 700Extent=67550Mark  min:700	 max:750Space min:350	 max:1550
Decoded Unknown(0): Value:E6F25803 Adrs:0 (32 bits) Raw samples(68) 9946 9100 4250 750 350 750 1500 700 400 750 1500 700 1500 750 1500 700 1550 700 400 700 1500 750 400 700 1500 750 400 700 400 700 400 750 400 700 1500 700 450 700 400 700 1500 750 400 700 1500 750 400 700 400 750 400 700 1500 750 1500 700 400 700 1550 700 400 700 1500 750 1500 700 1550 700Extent=67600Mark  min:700	 max:750Space min:350	 max:1550
Decoded Unknown(0): Value:E6F25803 Adrs:0 (32 bits) Raw samples(68) 11046 9100 4250 750 350 750 1500 700 400 750 1500 700 1500 750 1500 700 1500 750 400 700 1500 750 400 700 1500 750 350 750 400 700 400 750 350 750 1500 750 350 750 400 700 1500 700 450 700 1500 700 450 700 400 750 350 750 1500 700 1550 700 400 700 1500 750 400 700 1500 700 1550 700 1500 750Extent=67600Mark  min:700	 max:750Space min:350	 max:1550
Decoded Unknown(0): Value:E6F25803 Adrs:0 (32 bits) Raw samples(68) 2418 9050 4300 700 400 750 1500 700 400 700 1500 750 1500 750 1500 700 1500 700 450 700 1500 750 350 750 1500 750 350 750 400 700 400 700 400 750 1500 700 400 700 450 700 1500 750 350 750 1500 700 450 700 400 700 400 750 1500 700 1500 750 400 700 1500 750 400 700 1500 700 1550 700 1500 750Extent=67600Mark  min:700	 max:750Space min:350	 max:1550
Decoded Unknown(0): Value:E6F25803 Adrs:0 (32 bits) Raw samples(68) 31604 9050 4250 750 400 750 1450 750 400 700 1500 750 1500 700 1500 750 1500 700 400 750 1500 700 400 700 1550 700 400 700 450 700 400 700 400 750 1500 700 400 750 350 750 1500 750 350 700 1550 700 400 750 400 700 400 750 1500 700 1500 750 400 700 1500 750 350 750 1500 750 1500 700 1500 750Extent=67600Mark  min:700	 max:750Space min:350	 max:1550
Decoded Unknown(0): Value:1C75093A Adrs:0 (32 bits) Raw samples(68) 31618 9050 4250 750 1500 750 1500 700 1500 750 1500 700 1500 700 1550 700 1500 750 400 700 1500 750 400 700 400 700 400 700 450 700 400 700 400 700 450 700 1500 750 1500 700 1500 700 1550 700 1500 750 1500 750 350 750 400 700 400 700 400 750 400 700 400 700 400 700 450 700 1500 700 1550 700Extent=67550Mark  min:700	 max:750Space min:350	 max:1550
Decoded Unknown(0): Value:EBC889EF Adrs:0 (32 bits) Raw samples(68) 47290 9050 4250 750 1500 750 1450 750 1500 750 1450 750 1500 700 1550 700 1500 700 450 700 1500 700 400 750 400 700 400 700 400 750 400 700 400 750 350 750 1500 700 1500 750 1500 750 1500 700 1500 750 1500 700 400 750 350 750 400 700 400 750 350 700 450 700 400 750 350 700 1550 700 1500 750Extent=67550Mark  min:700	 max:750Space min:350	 max:1550
Decoded Unknown(0): Value:1C75093A Adrs:0 (32 bits) Raw samples(68) 4870 9050 4300 750 1450 750 1500 750 1450 750 1500 750 1500 700 1500 750 1500 700 400 750 1500 700 400 700 400 750 400 700 400 700 400 700 450 700 400 700 1500 750 1500 700 1550 700 1500 700 1550 700 1500 750 400 700 400 700 400 700 450 700 400 700 400 700 450 700 400 700 1550 700 1500 750Extent=67600Mark  min:700	 max:750Space min:400	 max:1550
Decoded Unknown(0): Value:1C75093A Adrs:0 (32 bits) Raw samples(68) 33682 9100 4250 750 1500 750 1500 700 1500 750 1500 700 1500 750 1500 700 1500 700 450 700 1500 750 400 700 400 700 400 700 450 700 400 700 400 700 400 750 1500 700 1550 700 1500 700 1550 700 1500 700 1550 700 400 700 400 750 400 700 400 700 400 750 400 700 400 750 350 750 1500 700 1550 700Extent=67600Mark  min:700	 max:750Space min:350	 max:1550
Decoded Unknown(0): Value:B1D20AA0 Adrs:0 (32 bits) Raw samples(68) 8402 9100 4250 750 1500 700 1500 750 1500 700 1500 750 1500 700 1500 750 1500 700 400 750 1500 700 400 750 350 750 400 700 400 750 350 750 400 700 400 750 350 750 1500 700 400 700 1550 700 400 700 450 700 1500 700 400 750 1500 700 400 700 1550 700 400 700 1550 700 1500 750 400 700 1500 750Extent=67600Mark  min:700	 max:750Space min:350	 max:1550
Decoded Unknown(0): Value:B1D20AA0 Adrs:0 (32 bits) Raw samples(68) 3724 9050 4300 700 1500 750 1500 700 1500 750 1500 750 1450 750 1500 700 1550 700 400 700 1500 750 400 700 400 750 350 750 400 700 400 750 350 750 400 700 400 700 1550 700 400 700 1500 750 400 700 400 700 1550 700 400 700 1550 700 400 700 1500 750 400 700 1500 750 1500 700 400 700 1550 700Extent=67550Mark  min:700	 max:750Space min:350	 max:1550
Decoded Unknown(0): Value:B1D20AA0 Adrs:0 (32 bits) Raw samples(68) 27804 9050 4300 700 1500 750 1500 700 1500 700 1550 700 1500 750 1500 700 1550 700 400 700 1500 750 400 700 400 700 400 700 450 700 400 700 400 700 450 700 400 700 1550 700 400 700 1500 750 400 700 400 700 1550 700 400 700 1550 700 400 700 1500 750 400 700 1500 700 1550 700 400 700 1550 700Extent=67550Mark  min:700	 max:750Space min:400	 max:1550
Decoded Unknown(0): Value:B1D20AA0 Adrs:0 (32 bits) Raw samples(68) 55018 9050 4250 750 1500 750 1500 700 1500 700 1550 700 1500 700 1550 700 1500 750 400 700 1500 750 400 700 400 700 400 700 450 700 400 700 400 700 450 700 400 700 1500 750 400 700 1500 750 400 700 400 700 1550 700 400 700 1500 750 400 700 1500 750 400 700 1500 700 1550 700 400 700 1550 700Extent=67550Mark  min:700	 max:750Space min:400	 max:1550
Decoded Unknown(0): Value:949FA19F Adrs:0 (32 bits) Raw samples(68) 65164 9100 4250 750 350 750 1500 700 400 750 1500 700 1500 750 1500 700 1550 700 400 700 1500 750 400 700 1500 700 450 700 400 700 400 700 450 700 1500 700 450 700 1500 700 1550 700 400 700 1550 700 400 700 450 700 400 700 1500 750 400 700 400 700 1550 700 400 700 1550 700 1500 700 1550 700Extent=67600Mark  min:700	 max:750Space min:350	 max:1550
Decoded Unknown(0): Value:949FA19F Adrs:0 (32 bits) Raw samples(68) 17204 9050 4250 700 450 700 1500 750 400 700 1500 700 1550 700 1500 750 1500 700 400 750 1500 700 400 700 1550 700 400 700 400 750 400 700 400 700 1550 700 400 700 1550 650 1550 700 450 700 1500 750 400 700 400 700 400 700 1550 700 400 700 450 700 1500 700 450 650 1550 700 1550 700 1500 700Extent=67550Mark  min:650	 max:750Space min:400	 max:1550
Decoded Unknown(0): Value:949FA19F Adrs:0 (32 bits) Raw samples(68) 4988 9050 4300 750 400 700 1500 700 400 700 1550 700 1550 700 1500 700 1550 700 400 700 1550 700 400 700 1550 700 400 700 400 700 400 750 400 700 1500 750 400 700 1500 750 1500 700 400 700 1550 700 400 750 400 700 400 700 1550 700 400 700 400 700 1550 700 400 700 1550 700 1500 750 1500 700Extent=67600Mark  min:700	 max:750Space min:400	 max:1550
Decoded Unknown(0): Value:949FA19F Adrs:0 (32 bits) Raw samples(68) 40840 9050 4300 700 400 750 1500 700 400 700 1550 700 1500 700 1550 700 1500 750 400 700 1500 700 450 700 1500 700 400 750 400 700 400 700 400 750 1500 700 400 700 1550 700 1500 750 400 700 1550 700 400 700 400 700 450 700 1500 700 450 700 400 700 1500 750 400 700 1500 750 1500 700 1550 700Extent=67600Mark  min:700	 max:750Space min:400	 max:1550
Decoded Unknown(0): Value:9AB1989 Adrs:0 (32 bits) Raw samples(68) 42650 9050 4300 750 1500 700 1500 700 1550 700 1500 700 1550 700 1500 750 1500 700 400 700 1550 700 400 700 400 750 400 700 400 700 400 750 400 700 400 700 400 750 400 700 400 700 1550 700 1500 700 450 700 1500 750 400 700 1500 700 1550 700 1500 750 400 700 400 700 1550 700 400 700 400 750Extent=66500Mark  min:700	 max:750Space min:400	 max:1550
Decoded Unknown(0): Value:9AB1989 Adrs:0 (32 bits) Raw samples(68) 10554 9050 4250 750 1500 700 1550 700 1500 700 1550 700 1500 700 1550 700 1500 750 400 700 1500 700 450 700 400 700 400 700 450 700 400 700 400 700 450 700 400 700 400 700 400 750 1500 700 1550 700 400 700 1550 700 400 700 1550 700 1500 750 1500 700 400 700 450 700 1500 700 400 750 400 700Extent=66450Mark  min:700	 max:750Space min:400	 max:1550
Decoded Unknown(0): Value:9AB1989 Adrs:0 (32 bits) Raw samples(68) 32996 9050 4300 700 1500 700 1550 700 1500 750 1500 700 1550 700 1500 700 1550 700 400 700 1550 700 400 700 400 700 450 700 400 700 400 700 450 700 400 700 400 700 400 750 400 700 1500 750 1500 700 450 700 1500 700 450 700 1500 700 1550 700 1500 700 450 700 400 700 1500 750 400 700 400 700Extent=66450Mark  min:700	 max:750Space min:400	 max:1550
Decoded Unknown(0): Value:9AB1989 Adrs:0 (32 bits) Raw samples(68) 4460 9050 4300 700 1500 750 1500 700 1500 700 1550 700 1500 750 1500 700 1550 700 400 700 1500 750 400 700 400 700 400 750 400 700 400 700 400 700 450 700 400 700 400 700 450 700 1500 700 1550 700 450 700 1500 700 400 750 1500 700 1550 700 1500 700 400 750 400 700 1500 700 450 700 400 700Extent=66450Mark  min:700	 max:750Space min:400	 max:1550
Decoded Unknown(0): Value:7596B46F Adrs:0 (32 bits) Raw samples(68) 6110 9100 4250 750 1500 700 1550 700 1500 750 1500 700 1500 700 1550 700 1500 750 400 700 1500 700 450 700 400 700 400 700 450 700 400 700 400 700 400 750 1500 700 400 700 1550 700 400 700 1550 700 400 700 1550 700 400 700 400 700 1550 700 400 700 1550 700 400 700 1550 700 400 700 400 700Extent=66450Mark  min:700	 max:750Space min:400	 max:1550
Decoded Unknown(0): Value:7596B46F Adrs:0 (32 bits) Raw samples(68) 40404 9050 4300 700 1500 750 1500 700 1550 700 1500 700 1550 700 1500 750 1500 700 400 700 1550 700 400 700 400 750 400 700 400 700 400 750 400 700 400 700 1550 700 400 700 1500 750 400 700 1500 700 450 700 1500 700 400 750 400 700 1500 750 400 700 1500 700 450 700 1500 700 450 700 400 700Extent=66450Mark  min:700	 max:750Space min:400	 max:1550
Decoded Unknown(0): Value:7596B46F Adrs:0 (32 bits) Raw samples(68) 26004 9100 4250 750 1500 750 1450 750 1500 750 1500 700 1500 700 1550 700 1500 700 450 700 1500 700 400 750 400 700 400 700 400 750 400 700 400 700 400 750 1500 700 400 700 1550 700 400 700 1550 700 400 700 1550 700 400 700 400 700 1550 700 400 700 1550 700 400 700 1550 700 400 700 400 700Extent=66450Mark  min:700	 max:750Space min:400	 max:1550
Decoded Unknown(0): Value:7596B46F Adrs:0 (32 bits) Raw samples(68) 15104 9050 4300 750 1500 700 1500 700 1550 700 1500 750 1500 700 1550 700 1500 700 400 750 1500 700 400 700 450 700 400 700 400 700 450 700 400 700 400 700 1550 700 400 700 1550 700 400 700 1500 750 400 700 1500 700 450 700 400 700 1550 700 400 700 1500 750 400 700 1500 750 400 700 400 700Extent=66450Mark  min:700	 max:750Space min:400	 max:1550
Decoded Unknown(0): Value:7920A173 Adrs:0 (32 bits) Raw samples(68) 5782 9050 4300 700 1500 750 1500 700 1500 700 1550 700 1500 750 1500 700 1550 700 400 700 1500 750 400 700 400 700 400 750 400 700 400 700 400 750 400 700 1500 700 1550 700 400 700 1550 700 1500 700 450 700 1500 700 450 700 400 700 400 700 1550 700 400 700 400 750 1500 700 400 700 450 700Extent=66450Mark  min:700	 max:750Space min:400	 max:1550
Decoded Unknown(0): Value:7920A173 Adrs:0 (32 bits) Raw samples(68) 34438 9100 4250 750 1500 700 1500 700 1550 700 1500 700 1550 700 1500 750 1500 700 400 700 1550 700 400 700 450 700 400 700 400 700 400 750 400 700 400 700 1550 700 1500 700 450 700 1500 700 1550 700 400 700 1550 700 400 700 400 700 450 700 1500 700 400 750 400 700 1500 750 400 700 400 700Extent=66450Mark  min:700	 max:750Space min:400	 max:1550
Decoded Unknown(0): Value:7920A173 Adrs:0 (32 bits) Raw samples(68) 38482 9100 4250 750 1500 700 1500 700 1550 700 1500 750 1500 700 1500 750 1500 700 400 750 1500 700 400 700 450 700 400 700 400 700 400 750 400 700 400 700 1550 700 1500 700 450 700 1500 700 1550 700 400 700 1550 700 400 700 400 700 450 700 1500 700 400 750 400 700 1500 750 400 700 400 700Extent=66450Mark  min:700	 max:750Space min:400	 max:1550
Decoded Unknown(0): Value:7920A173 Adrs:0 (32 bits) Raw samples(68) 60068 9050 4300 700 1500 750 1500 700 1500 700 1550 700 1500 750 1500 700 1550 700 400 700 1500 750 400 700 400 700 400 750 400 700 400 700 400 700 450 700 1500 700 1550 700 400 700 1550 700 1500 700 450 700 1500 700 400 750 400 700 400 700 1550 700 400 700 400 750 1500 700 400 700 450 700Extent=66450Mark  min:700	 max:750Space min:400	 max:1550
Decoded Unknown(0): Value:96DD7D53 Adrs:0 (32 bits) Raw samples(68) 42138 9000 4300 750 1500 700 1500 750 1500 700 1500 750 1500 700 1550 700 1500 700 400 750 1500 700 400 700 450 700 400 700 400 700 450 700 400 700 400 700 1550 700 400 700 400 700 450 700 400 700 1550 700 1500 700 400 750 400 700 1500 750 1500 700 1550 700 1500 700 400 750 400 700 400 700Extent=66400Mark  min:700	 max:750Space min:400	 max:1550
Decoded Unknown(0): Value:96DD7D53 Adrs:0 (32 bits) Raw samples(68) 35118 9000 4300 750 1500 700 1500 700 1550 700 1500 700 1550 700 1500 750 1500 700 400 700 1550 700 400 700 450 700 400 700 400 700 400 750 400 700 400 700 1550 700 400 700 400 700 450 700 400 700 1550 700 1500 700 400 750 400 700 1500 750 1500 700 1550 700 1500 700 400 750 400 700 400 700Extent=66400Mark  min:700	 max:750Space min:400	 max:1550
Decoded Unknown(0): Value:96DD7D53 Adrs:0 (32 bits) Raw samples(68) 11754 9050 4300 700 1500 700 1550 700 1500 750 1500 700 1550 700 1500 700 1550 700 400 700 1550 700 400 700 400 700 450 700 400 700 400 700 450 700 400 700 1500 750 400 700 400 700 400 700 450 700 1500 700 1550 700 400 700 450 700 1500 700 1550 700 1500 700 1550 700 400 700 400 750 400 700Extent=66450Mark  min:700	 max:750Space min:400	 max:1550
Decoded Unknown(0): Value:96DD7D53 Adrs:0 (32 bits) Raw samples(68) 26582 9050 4300 700 1500 700 1550 700 1500 750 1500 700 1550 700 1500 700 1550 700 400 700 1550 700 400 700 400 700 450 700 400 700 400 700 400 750 400 700 1500 700 450 700 400 700 400 750 400 700 1500 700 1550 700 400 700 400 750 1500 700 1550 700 1500 700 1550 700 400 700 400 750 400 700Extent=66450Mark  min:700	 max:750Space min:400	 max:1550
Decoded Unknown(0): Value:F5E77E94 Adrs:0 (32 bits) Raw samples(68) 63212 9000 4300 700 450 700 1500 700 450 700 1500 700 1550 700 1500 700 1550 700 400 700 1550 700 400 700 1550 650 450 700 400 700 450 700 400 700 1550 700 1500 700 1550 700 1500 700 450 650 450 750 1500 700 400 700 450 700 400 700 400 700 450 700 1500 700 1550 700 400 700 1550 700 400 700Extent=66450Mark  min:650	 max:750Space min:400	 max:1550
Decoded Unknown(0): Value:F5E77E94 Adrs:0 (32 bits) Raw samples(68) 25932 9050 4300 700 400 700 1550 700 400 700 1500 700 1550 700 1550 700 1500 700 400 750 1500 700 400 750 1500 700 400 700 450 700 400 700 400 700 1550 650 1550 700 1550 700 1550 650 450 650 500 700 1500 700 400 750 400 700 400 700 400 750 400 700 1500 700 1550 700 400 700 1550 650 450 700Extent=66450Mark  min:650	 max:750Space min:400	 max:1550
Decoded Unknown(0): Value:F5E77E94 Adrs:0 (32 bits) Raw samples(68) 22532 9050 4250 700 450 700 1500 750 400 700 1500 700 1550 650 1550 700 1550 700 400 700 1550 700 400 700 1550 650 450 700 400 700 450 700 400 700 1550 650 1550 700 1550 650 1550 700 450 650 450 700 1550 700 400 700 450 700 400 700 400 700 450 700 1500 700 1550 650 450 700 1550 700 400 700Extent=66450Mark  min:650	 max:750Space min:400	 max:1550
Decoded Unknown(0): Value:F5E77E94 Adrs:0 (32 bits) Raw samples(68) 4932 9050 4300 700 450 700 1500 700 400 750 1500 700 1550 700 1500 700 1550 650 450 700 1550 650 450 700 1550 650 450 700 400 700 450 700 400 650 1550 700 1550 700 1550 700 1500 700 400 750 400 700 1550 650 450 700 400 750 400 700 400 700 400 750 1500 700 1550 700 400 700 1500 700 450 700Extent=66500Mark  min:650	 max:750Space min:400	 max:1550
Decoded Unknown(0): Value:D9EAB2F3 Adrs:0 (32 bits) Raw samples(68) 19054 9050 4300 650 1550 700 1550 700 1500 700 1550 700 1500 700 1550 700 1500 700 450 700 1500 700 450 700 400 700 400 700 450 700 400 700 400 700 450 700 1500 700 1550 700 1500 700 450 700 400 700 1500 700 1550 700 400 750 400 650 450 700 400 700 1550 700 1550 650 450 650 450 700 400 700Extent=66400Mark  min:650	 max:750Space min:400	 max:1550
Decoded Unknown(0): Value:D9EAB2F3 Adrs:0 (32 bits) Raw samples(68) 60482 9000 4300 700 1550 700 1550 650 1550 700 1550 650 1550 700 1550 700 1500 700 450 700 1500 700 450 700 400 700 400 700 450 650 450 700 400 700 450 700 1500 700 1550 650 1550 700 450 650 450 700 1500 700 1550 700 400 700 450 650 450 700 400 700 1550 700 1550 650 450 650 450 700 400 700Extent=66400Mark  min:650	 max:700Space min:400	 max:1550
Received NEC Value:0xFE80E618
Received NECrepeat; ignoring.
 Value:0xFE80E618
Received NECrepeat; ignoring.
 Value:0xFE80E618
Decoded Unknown(0): Value:D9EAB2F3 Adrs:0 (32 bits) Raw samples(68) 42124 9050 4300 650 1600 650 1550 700 1550 650 1600 650 1550 700 1550 650 1550 650 500 650 1550 650 500 650 450 650 450 700 400 700 450 650 450 700 400 700 1550 650 1600 650 1550 650 450 650 500 650 1550 650 1600 650 450 650 500 650 450 650 450 650 1600 650 1550 650 500 650 450 650 450 700Extent=66450Mark  min:650	 max:700Space min:400	 max:1600
Decoded Unknown(0): Value:D9EAB2F3 Adrs:0 (32 bits) Raw samples(68) 48260 9050 4300 650 1600 650 1550 700 1550 700 1500 700 1550 700 1550 650 1550 700 400 700 1550 700 400 700 450 650 450 700 400 700 450 700 400 700 400 700 1550 650 1550 700 1550 700 400 700 450 650 1550 700 1550 650 450 700 400 700 450 700 400 700 1550 650 1550 700 450 650 450 650 450 700Extent=66450Mark  min:650	 max:700Space min:400	 max:1600
Decoded Unknown(0): Value:9F9697E9 Adrs:0 (32 bits) Raw samples(68) 27382 9050 4300 700 1550 650 1550 700 1550 700 1550 650 1550 700 1550 700 1500 700 450 700 1500 700 400 700 450 650 450 700 400 700 450 650 450 700 400 700 450 700 1500 700 1550 650 1550 650 1600 700 400 700 1550 700 400 700 1550 650 450 700 400 700 450 650 450 700 1550 650 450 700 400 700Extent=66450Mark  min:650	 max:700Space min:400	 max:1600
Decoded Unknown(0): Value:9F9697E9 Adrs:0 (32 bits) Raw samples(68) 19732 9050 4300 650 1550 700 1550 700 1550 650 1550 700 1550 650 1550 700 1550 700 400 700 1550 650 450 700 400 700 450 650 450 700 400 700 450 650 450 700 400 700 1550 650 1550 700 1550 700 1550 650 450 650 1600 650 450 650 1550 700 450 650 450 700 400 700 450 650 1550 650 500 650 450 700Extent=66450Mark  min:650	 max:700Space min:400	 max:1600
Decoded Unknown(0): Value:9F9697E9 Adrs:0 (32 bits) Raw samples(68) 36418 9000 4300 700 1550 700 1500 750 1500 700 1550 700 1500 700 1550 650 1550 700 450 650 1550 700 450 700 400 700 400 700 400 750 400 700 400 700 400 750 400 700 1500 700 1550 700 1500 700 1550 700 400 700 1550 700 400 700 1550 700 400 700 400 700 450 650 450 700 1550 650 450 700 400 750Extent=66450Mark  min:650	 max:750Space min:400	 max:1550
Decoded Unknown(0): Value:9F9697E9 Adrs:0 (32 bits) Raw samples(68) 5940 9050 4300 650 1550 700 1550 650 1550 700 1550 650 1550 700 1550 700 1500 750 400 650 1550 700 450 650 450 700 400 700 450 650 450 700 400 700 450 700 400 700 1550 650 1550 700 1550 650 1550 700 450 650 1550 700 400 700 1550 700 400 700 450 650 450 700 400 700 1550 700 400 700 450 650Extent=66400Mark  min:650	 max:750Space min:400	 max:1550
Received NEC Value:0xFE8026D8
Received NECrepeat; ignoring.
 Value:0xFE8026D8
Received NECrepeat; ignoring.
 Value:0xFE8026D8
Received NEC Value:0xFE8026D8
Received NECrepeat; ignoring.
 Value:0xFE8026D8
Received NECrepeat; ignoring.
 Value:0xFE8026D8
Received NEC Value:0xFE8026D8
Received NECrepeat; ignoring.
 Value:0xFE8026D8
Received NEC Value:0xFE8026D8
Received NECrepeat; ignoring.
 Value:0xFE8026D8
Received NECrepeat; ignoring.
 Value:0xFE8026D8
Received NEC Value:0xFE8026D8
Received NECrepeat; ignoring.
 Value:0xFE8026D8
Received NECrepeat; ignoring.
 Value:0xFE8026D8
Received NEC Value:0xFE8026D8
Received NECrepeat; ignoring.
 Value:0xFE8026D8
Decoded Unknown(0): Value:EDFAC5D1 Adrs:0 (32 bits) Raw samples(68) 17514 9100 4200 750 1500 750 1450 750 1500 750 1500 700 1500 750 1500 700 1500 750 400 700 1500 750 350 750 400 700 400 750 350 750 400 700 400 750 350 750 400 700 400 750 1500 700 400 750 350 750 1500 750 1500 700 400 750 1500 700 1500 750 400 700 1500 750 1500 700 400 750 350 750 400 700Extent=66450Mark  min:700	 max:750Space min:350	 max:1500
Decoded Unknown(0): Value:EDFAC5D1 Adrs:0 (32 bits) Raw samples(68) 60798 9100 4250 700 1500 750 1500 700 1500 750 1500 750 1450 750 1500 750 1500 700 400 700 1500 750 400 700 400 750 350 750 400 700 400 750 350 750 400 700 400 750 350 750 1500 750 350 750 400 700 1550 700 1500 750 350 750 1500 750 1500 700 400 750 1450 750 1500 750 350 750 400 700 400 750Extent=66500Mark  min:700	 max:750Space min:350	 max:1550
Decoded Unknown(0): Value:EDFAC5D1 Adrs:0 (32 bits) Raw samples(68) 32590 9100 4200 750 1500 700 1500 750 1500 750 1500 700 1500 750 1500 700 1500 750 400 700 1500 750 350 750 400 700 400 750 350 750 400 700 400 750 350 750 400 700 400 750 1500 700 400 750 350 750 1500 750 1500 750 350 750 1500 700 1500 750 400 700 1500 750 1500 700 400 750 350 750 400 750Extent=66500Mark  min:700	 max:750Space min:350	 max:1500
Decoded Unknown(0): Value:EDFAC5D1 Adrs:0 (32 bits) Raw samples(68) 1804 9050 4250 750 1500 700 1500 750 1500 700 1550 700 1500 700 1550 700 1500 700 450 700 1500 700 400 700 450 700 400 700 400 750 400 700 400 700 400 700 450 700 400 700 1550 700 400 700 400 750 1500 700 1550 700 400 700 1550 700 1500 700 450 700 1500 700 1550 650 450 700 400 750 400 700Extent=66450Mark  min:650	 max:750Space min:400	 max:1550
Decoded Unknown(0): Value:3E759EA8 Adrs:0 (32 bits) Raw samples(68) 33220 9100 4250 750 400 700 1500 750 400 700 1500 750 1500 700 1500 700 1550 700 400 700 1550 700 400 700 1550 700 400 700 400 700 450 700 400 750 1500 700 400 700 400 750 400 700 1500 700 400 750 400 700 400 700 1550 750 1450 750 1500 750 1500 700 400 700 1500 750 1500 750 1500 700 400 700Extent=67600Mark  min:700	 max:750Space min:400	 max:1550
Decoded Unknown(0): Value:3E759EA8 Adrs:0 (32 bits) Raw samples(68) 60618 9050 4250 800 350 750 1450 800 350 750 1450 750 1500 700 1500 750 1500 750 350 750 1500 700 400 750 1500 700 400 750 350 750 400 700 400 750 1500 700 400 750 350 750 400 700 1500 750 400 700 400 700 400 750 1500 700 1500 750 1500 750 1500 700 400 700 1500 750 1500 750 1500 700 400 750Extent=67600Mark  min:700	 max:800Space min:350	 max:1500
Decoded Unknown(0): Value:3E759EA8 Adrs:0 (32 bits) Raw samples(68) 43040 9100 4250 750 350 750 1500 700 400 750 1500 700 1500 750 1500 700 1500 750 400 700 1500 750 400 700 1500 750 350 750 400 700 400 750 350 750 1500 750 350 750 400 700 400 750 1500 700 400 700 400 750 400 700 1500 750 1500 750 1450 800 1450 750 350 750 1500 750 1450 750 1500 750 350 750Extent=67600Mark  min:700	 max:800Space min:350	 max:1500
Decoded Unknown(0): Value:3E759EA8 Adrs:0 (32 bits) Raw samples(68) 47882 9100 4250 750 350 800 1450 750 350 750 1500 700 1500 750 1500 750 1500 750 350 750 1450 750 400 700 1500 750 400 700 400 750 350 750 400 700 1500 750 400 700 400 700 400 750 1500 700 400 750 350 750 400 750 1500 700 1500 750 1500 700 1500 750 400 700 1500 750 1500 700 1500 750 400 700Extent=67600Mark  min:700	 max:800Space min:350	 max:1500
Decoded Unknown(0): Value:F30521DA Adrs:0 (32 bits) Raw samples(68) 27304 9050 4300 750 350 750 1500 750 350 750 1500 750 1450 750 1500 750 1500 700 400 750 1500 700 400 700 1500 750 400 700 400 750 350 750 400 750 1450 750 1500 750 350 750 400 700 1500 750 350 750 400 750 350 750 1500 750 350 750 1500 700 1500 750 400 700 1500 750 1500 750 1450 750 400 700Extent=67600Mark  min:700	 max:750Space min:350	 max:1500
Decoded Unknown(0): Value:132F8F77 Adrs:0 (32 bits) Raw samples(68) 14104 9050 4250 800 350 700 1500 750 400 700 1500 750 1500 700 1500 750 1500 750 350 750 1500 700 400 750 1500 700 400 750 350 700 450 700 400 700 1550 700 1500 750 350 750 400 700 1500 750 400 700 400 700 450 700 1500 700 400 750 1500 750 1500 700 400 700 1550 700 1500 750 1500 700 400 700Extent=67550Mark  min:700	 max:800Space min:350	 max:1550
Decoded Unknown(0): Value:F30521DA Adrs:0 (32 bits) Raw samples(68) 56840 9100 4250 750 350 800 1450 750 350 750 1500 750 1500 700 1500 750 1500 700 400 750 1500 750 350 750 1500 700 400 700 400 750 350 750 400 700 1500 750 1500 750 350 750 400 700 1500 750 400 700 400 750 350 750 1500 750 350 750 1500 750 1450 750 400 700 1500 750 1500 750 1500 700 400 700Extent=67600Mark  min:700	 max:800Space min:350	 max:1500
Decoded Unknown(0): Value:F30521DA Adrs:0 (32 bits) Raw samples(68) 17602 9100 4250 750 350 750 1500 750 350 750 1500 700 1500 750 1500 750 1500 700 400 700 1500 750 400 700 1500 750 400 700 400 750 350 750 400 700 1500 750 1500 700 400 750 350 750 1500 750 350 750 400 700 400 750 1500 700 400 750 1500 700 1500 750 400 700 1500 750 1500 700 1500 750 400 700Extent=67600Mark  min:700	 max:750Space min:350	 max:1500
Decoded Unknown(0): Value:D4548BC4 Adrs:0 (32 bits) Raw samples(68) 34918 9100 4250 800 350 700 1500 750 400 700 1500 750 1500 700 1500 750 1500 700 400 700 1550 700 400 700 1550 700 400 700 400 750 400 650 450 700 1550 700 400 700 400 700 1550 700 400 700 1550 700 400 700 450 650 1550 700 1550 700 1500 750 400 650 1550 700 450 700 1500 700 1550 700 400 700Extent=67600Mark  min:650	 max:800Space min:350	 max:1550
Decoded Unknown(0): Value:D4548BC4 Adrs:0 (32 bits) Raw samples(68) 37904 9050 4300 750 400 700 1500 750 350 750 1500 750 1500 700 1500 750 1500 700 400 700 1550 700 400 700 1550 700 400 700 400 750 400 700 400 700 1500 750 400 700 400 750 1500 700 400 750 1500 700 400 700 450 700 1500 750 1500 700 1500 750 400 700 1500 750 350 750 1500 750 1500 700 400 700Extent=67600Mark  min:700	 max:750Space min:350	 max:1550
Decoded Unknown(0): Value:D4548BC4 Adrs:0 (32 bits) Raw samples(68) 26782 9050 4300 700 400 700 1550 700 400 700 1500 750 1500 700 1550 700 1500 700 450 700 1500 700 400 750 1500 700 400 700 450 650 450 650 450 700 1550 700 400 700 450 700 1500 750 350 700 1550 700 450 700 400 650 1550 750 1500 700 1550 700 400 650 1550 750 400 700 1500 750 1500 750 350 700Extent=67550Mark  min:650	 max:750Space min:350	 max:1550
Decoded Unknown(0): Value:D4548BC4 Adrs:0 (32 bits) Raw samples(68) 35504 9050 4300 750 350 750 1500 750 350 750 1500 700 1500 750 1500 750 1500 700 400 700 1550 700 400 650 1550 750 400 700 400 700 400 700 450 700 1500 700 450 700 400 700 1550 700 400 700 1500 750 400 700 400 700 1550 700 1500 750 1500 700 400 700 1550 700 400 700 1550 700 1500 750 400 700Extent=67600Mark  min:650	 max:750Space min:350	 max:1550
Decoded Unknown(0): Value:FDF97A9E Adrs:0 (32 bits) Raw samples(68) 15882 9050 4300 750 350 750 1500 750 350 700 1550 700 1500 750 1500 700 1550 700 400 700 1550 700 400 650 1550 750 400 700 400 700 400 700 450 650 1550 700 1550 700 400 700 1550 700 1500 750 400 700 400 700 450 650 1550 700 450 700 1500 750 350 750 400 700 1500 750 1500 700 1550 700 400 700Extent=67600Mark  min:650	 max:750Space min:350	 max:1550
Decoded Unknown(0): Value:FDF97A9E Adrs:0 (32 bits) Raw samples(68) 36904 9000 4350 700 400 750 1500 700 400 700 1550 700 1500 700 1550 700 1500 750 400 700 1500 700 450 700 1500 700 400 750 400 650 450 700 400 700 1550 700 1550 700 400 650 1550 750 1500 700 450 700 400 700 400 700 1550 700 400 700 1550 650 450 700 450 650 1550 700 1550 700 1500 700 450 700Extent=67600Mark  min:650	 max:750Space min:400	 max:1550
Decoded Unknown(0): Value:FDF97A9E Adrs:0 (32 bits) Raw samples(68) 26140 9000 4350 700 400 700 1550 700 400 700 1500 750 1500 700 1550 700 1500 700 450 700 1500 700 400 700 1550 700 400 700 450 650 450 700 400 700 1550 700 1500 750 400 700 1500 750 1500 700 450 700 400 700 400 700 1550 700 400 700 1550 700 400 700 400 700 1550 700 1550 700 1500 700 400 700Extent=67550Mark  min:650	 max:750Space min:400	 max:1550
Decoded Unknown(0): Value:FDF97A9E Adrs:0 (32 bits) Raw samples(68) 61082 9050 4300 750 400 700 1500 750 400 700 1500 700 1550 700 1500 700 1550 700 400 700 1550 700 400 700 1550 700 400 700 400 700 450 650 450 650 1600 650 1550 700 400 700 1550 700 1550 700 400 700 450 650 450 650 1550 700 450 650 1550 700 450 650 450 700 1550 650 1550 700 1550 700 400 700Extent=67600Mark  min:650	 max:750Space min:400	 max:1600
Decoded Unknown(0): Value:DCCEBBDB Adrs:0 (32 bits) Raw samples(68) 37206 9050 4300 700 400 700 1550 700 400 700 1550 650 1550 700 1550 650 1600 650 450 650 1550 700 450 650 1550 700 450 650 450 700 400 700 450 650 1550 700 450 650 1550 700 1550 650 450 700 1550 650 450 700 1550 650 450 700 1550 650 450 700 400 700 1550 700 400 700 1550 650 450 700 1550 650Extent=67550Mark  min:650	 max:700Space min:400	 max:1600
Decoded Unknown(0): Value:DCCEBBDB Adrs:0 (32 bits) Raw samples(68) 36268 9000 4350 700 400 700 1550 650 450 700 1550 650 1550 700 1550 650 1550 700 450 650 1550 700 450 650 1550 700 400 650 500 650 450 700 400 700 1550 700 400 700 1550 700 1500 700 450 650 1600 650 450 650 1600 650 450 650 1550 700 450 650 450 700 1550 650 450 700 1550 650 450 700 1550 650Extent=67550Mark  min:650	 max:700Space min:400	 max:1600
Decoded Unknown(0): Value:DCCEBBDB Adrs:0 (32 bits) Raw samples(68) 64468 9000 4350 650 450 700 1500 700 450 650 1550 700 1550 700 1550 650 1550 700 400 700 1550 700 400 700 1550 700 400 700 450 650 450 700 400 700 1550 650 450 700 1550 650 1550 650 500 650 1600 650 450 650 1550 700 450 650 1550 700 450 650 450 700 1550 650 450 650 1550 700 450 650 1550 700Extent=67550Mark  min:650	 max:700Space min:400	 max:1600
Decoded Unknown(0): Value:DCCEBBDB Adrs:0 (32 bits) Raw samples(68) 59704 9000 4350 700 400 700 1550 700 400 700 1550 650 1550 700 1550 700 1550 700 400 650 1550 700 450 650 1550 700 450 650 450 700 400 700 450 650 1550 700 450 650 1550 700 1550 650 450 650 1600 700 400 700 1550 650 450 700 1550 650 450 700 400 650 1600 650 450 650 1600 650 450 700 1550 650Extent=67550Mark  min:650	 max:700Space min:400	 max:1600
Decoded Unknown(0): Value:FBF29BDE Adrs:0 (32 bits) Raw samples(68) 35854 8950 4350 750 400 700 1500 750 400 650 1550 700 1550 700 1500 750 1500 700 400 700 1550 700 400 700 1550 650 450 650 500 650 450 650 450 700 1550 650 1550 700 450 650 1550 700 1550 700 1500 700 450 650 1550 700 1550 650 450 700 1550 650 450 700 400 700 450 650 1550 700 450 650 450 650Extent=67500Mark  min:650	 max:750Space min:400	 max:1550
Decoded Unknown(0): Value:FBF29BDE Adrs:0 (32 bits) Raw samples(68) 13954 8950 4400 700 400 700 1550 650 450 650 1550 700 1550 700 1550 700 1500 700 450 650 1550 700 400 700 1550 700 400 700 450 650 450 650 450 700 1550 650 1550 700 450 650 1550 700 1550 700 1500 700 450 650 1550 700 1550 700 400 700 1550 650 450 700 450 650 450 650 1550 700 450 650 450 650Extent=67500Mark  min:650	 max:700Space min:400	 max:1550
Decoded Unknown(0): Value:FBF29BDE Adrs:0 (32 bits) Raw samples(68) 29004 9000 4350 700 400 650 1550 700 450 650 1550 700 1550 700 1550 650 1550 700 400 700 1550 700 400 700 1550 650 450 650 500 650 450 650 450 700 1550 650 1550 700 450 650 1550 700 1550 650 1550 700 450 650 1550 700 1550 650 450 700 1550 650 450 700 400 700 450 650 1550 700 450 650 450 650Extent=67500Mark  min:650	 max:700Space min:400	 max:1550
Decoded Unknown(0): Value:FBF29BDE Adrs:0 (32 bits) Raw samples(68) 18 8950 4350 750 400 700 1500 750 400 650 1550 700 1550 700 1500 700 1550 700 400 700 1550 700 400 700 1550 650 450 700 450 650 450 650 450 700 1550 650 1550 700 450 650 1550 700 1550 650 1550 700 450 650 1550 700 1550 650 450 700 1550 650 450 700 400 700 450 650 1550 700 450 650 450 650Extent=67500Mark  min:650	 max:750Space min:400	 max:1550
Decoded Unknown(0): Value:CEDCD354 Adrs:0 (32 bits) Raw samples(68) 46070 9050 4300 700 400 700 1550 700 400 700 1550 650 1550 700 1550 700 1550 650 450 700 1500 700 450 650 1550 700 450 650 450 700 400 700 450 650 1550 700 450 650 450 650 450 650 500 650 450 650 450 700 450 650 450 700 1550 650 1550 700 1550 650 1550 700 1550 650 1550 700 1550 700 400 700Extent=66450Mark  min:650	 max:700Space min:400	 max:1550
Decoded Unknown(0): Value:CEDCD354 Adrs:0 (32 bits) Raw samples(68) 18774 9000 4350 700 400 700 1550 700 400 700 1550 650 1550 700 1550 700 1550 650 450 650 1550 700 450 650 1550 700 450 650 450 650 450 650 500 650 1550 700 450 650 450 650 450 700 450 650 450 650 450 700 400 700 450 650 1600 650 1550 700 1550 650 1550 700 1550 650 1550 650 1600 700 400 700Extent=66450Mark  min:650	 max:700Space min:400	 max:1600
Decoded Unknown(0): Value:CEDCD354 Adrs:0 (32 bits) Raw samples(68) 17054 9000 4350 700 400 700 1550 700 400 700 1550 700 1500 700 1550 700 1550 700 400 700 1550 650 450 650 1550 700 450 650 450 650 450 650 500 650 1550 700 450 650 450 650 450 700 450 650 450 700 400 700 450 650 450 700 1550 650 1550 700 1550 650 1550 700 1550 650 1550 700 1550 700 400 650Extent=66400Mark  min:650	 max:700Space min:400	 max:1550
Decoded Unknown(0): Value:CEDCD354 Adrs:0 (32 bits) Raw samples(68) 52568 9000 4350 700 400 700 1550 700 400 700 1550 700 1550 650 1550 700 1550 650 450 700 1550 650 450 650 1550 700 450 650 450 700 400 700 450 650 1550 700 450 650 450 700 400 700 450 650 450 650 450 700 450 650 450 700 1550 650 1550 700 1550 650 1550 700 1550 700 1550 650 1550 700 400 700Extent=66450Mark  min:650	 max:700Space min:400	 max:1550
Decoded Unknown(0): Value:D7A394B4 Adrs:0 (32 bits) Raw samples(68) 9004 9000 4300 700 450 650 1550 700 450 650 1550 700 1550 700 1500 700 1550 700 400 700 1550 700 400 700 1550 650 450 700 450 650 450 650 450 700 1550 650 1550 700 1550 700 400 700 450 650 450 700 400 700 450 650 450 700 400 700 450 650 1550 700 1550 650 1550 700 1550 650 1600 650 450 700Extent=66450Mark  min:650	 max:700Space min:400	 max:1600
Decoded Unknown(0): Value:D7A394B4 Adrs:0 (32 bits) Raw samples(68) 35346 9050 4300 700 400 700 1550 700 400 700 1550 650 1550 700 1550 700 1550 650 450 650 1550 700 450 650 1550 700 450 650 450 700 400 700 450 650 1550 650 1600 650 1550 700 450 650 450 700 400 700 450 700 400 700 450 650 450 650 450 700 1550 650 1550 650 1600 650 1550 700 1550 700 400 700Extent=66450Mark  min:650	 max:700Space min:400	 max:1600
Decoded Unknown(0): Value:D7A394B4 Adrs:0 (32 bits) Raw samples(68) 3704 9000 4350 700 450 650 1550 700 400 700 1550 700 1550 700 1500 700 1550 650 450 700 1550 650 450 700 1550 650 450 650 450 700 400 700 450 650 1550 700 1550 700 1550 650 450 650 450 700 450 650 450 700 400 700 450 650 450 700 400 650 1600 700 1550 650 1550 700 1550 650 1550 700 450 650Extent=66450Mark  min:650	 max:700Space min:400	 max:1600
Decoded Unknown(0): Value:D7A394B4 Adrs:0 (32 bits) Raw samples(68) 51796 9050 4300 700 400 700 1550 700 400 700 1550 700 1550 650 1550 700 1550 650 450 650 1600 650 450 650 1550 700 450 650 450 700 400 700 450 650 1550 700 1550 700 1550 650 450 650 450 700 450 650 450 700 400 700 450 650 450 700 400 700 1550 650 1550 700 1550 700 1550 650 1550 700 450 650Extent=66450Mark  min:650	 max:700Space min:400	 max:1600
Decoded Unknown(0): Value:D42F446C Adrs:0 (32 bits) Raw samples(68) 54518 9050 4300 700 450 700 1500 700 450 650 1550 700 1550 650 1550 700 1550 650 450 700 1550 650 450 700 1550 650 450 700 400 700 450 650 450 650 1600 650 450 650 1550 700 1550 700 400 700 450 650 450 650 500 650 450 650 1600 650 450 650 450 700 1550 650 1550 700 1550 650 1550 700 450 650Extent=66450Mark  min:650	 max:700Space min:400	 max:1600
Decoded Unknown(0): Value:D42F446C Adrs:0 (32 bits) Raw samples(68) 33654 9050 4250 700 450 650 1550 700 450 700 1500 700 1550 650 1550 700 1550 700 400 700 1550 700 400 700 1550 650 450 700 400 700 450 650 450 700 1550 650 450 700 1550 650 1550 700 400 700 450 650 450 700 450 650 450 700 1550 650 450 650 450 700 1550 650 1550 650 1600 700 1550 650 450 650Extent=66400Mark  min:650	 max:700Space min:400	 max:1600
Decoded Unknown(0): Value:D42F446C Adrs:0 (32 bits) Raw samples(68) 36604 9000 4350 700 400 700 1550 650 450 700 1550 650 1550 700 1550 650 1550 700 450 650 1550 700 450 650 1550 700 400 700 450 650 450 700 400 700 1550 700 400 700 1550 650 1550 700 450 650 450 700 450 650 450 700 400 700 1550 700 400 700 450 650 1550 700 1550 650 1550 700 1550 650 450 700Extent=66450Mark  min:650	 max:700Space min:400	 max:1550
Decoded Unknown(0): Value:D42F446C Adrs:0 (32 bits) Raw samples(68) 59718 9050 4300 700 450 650 1550 700 450 650 1550 700 1550 650 1550 700 1550 700 400 700 1550 650 450 700 1550 650 450 700 400 700 450 650 450 700 1550 650 450 650 1600 650 1550 700 400 650 500 650 450 700 450 650 450 650 1600 650 450 650 450 700 1550 650 1550 700 1550 650 1550 700 450 650Extent=66450Mark  min:650	 max:700Space min:400	 max:1600
Decoded Unknown(0): Value:BA6D7B34 Adrs:0 (32 bits) Raw samples(68) 17232 9000 4350 700 400 700 1550 650 450 700 1550 650 1550 700 1550 650 1550 700 450 650 1550 700 400 700 1550 700 400 700 450 650 450 700 400 700 1550 700 1550 650 450 650 450 700 1550 650 450 700 450 650 450 700 400 700 450 650 1550 700 1550 650 450 700 1550 650 1550 700 1550 650 450 700Extent=66450Mark  min:650	 max:700Space min:400	 max:1550
Decoded Unknown(0): Value:BA6D7B34 Adrs:0 (32 bits) Raw samples(68) 26468 9050 4300 700 400 700 1550 700 400 700 1550 650 1550 700 1550 700 1550 650 450 700 1550 650 450 650 1550 700 450 650 450 700 400 700 450 650 1550 700 1550 700 400 700 450 650 1550 700 400 700 450 700 400 700 450 650 450 700 1550 650 1550 700 400 700 1550 700 1550 650 1550 700 450 650Extent=66450Mark  min:650	 max:700Space min:400	 max:1550
Decoded Unknown(0): Value:BA6D7B34 Adrs:0 (32 bits) Raw samples(68) 21504 9050 4300 700 400 700 1550 700 400 700 1550 650 1550 700 1550 700 1550 650 450 700 1500 700 450 650 1550 700 450 650 450 700 400 700 450 650 1550 700 1550 650 450 650 500 650 1550 700 400 700 450 700 400 700 450 650 450 650 1600 650 1550 700 400 700 1550 650 1600 650 1550 700 400 700Extent=66450Mark  min:650	 max:700Space min:400	 max:1600
Decoded Unknown(0): Value:BA6D7B34 Adrs:0 (32 bits) Raw samples(68) 48790 9000 4350 700 400 700 1550 700 400 700 1550 700 1550 650 1550 700 1550 650 450 700 1550 700 400 700 1500 700 450 650 450 700 400 700 450 650 1550 700 1550 700 400 650 500 650 1550 700 450 650 450 700 400 700 450 650 450 650 1600 650 1550 650 500 650 1550 700 1550 650 1550 650 500 650Extent=66450Mark  min:650	 max:700Space min:400	 max:1600
Decoded Unknown(0): Value:4377648 Adrs:0 (32 bits) Raw samples(68) 14534 9050 4300 700 400 700 1550 650 450 700 1550 650 1550 700 1550 700 1550 650 450 650 1550 700 450 650 1550 700 450 650 450 700 400 700 450 650 1550 700 450 650 450 650 1550 700 450 650 450 700 400 700 450 700 1500 700 1550 700 1550 650 450 700 1550 650 1550 700 1550 650 1550 700 450 650Extent=67550Mark  min:650	 max:700Space min:400	 max:1550
Decoded Unknown(0): Value:4377648 Adrs:0 (32 bits) Raw samples(68) 64374 9050 4300 650 450 700 1550 650 450 700 1550 650 1550 700 1550 650 1550 700 450 650 1550 700 400 700 1550 700 400 700 450 650 450 700 400 700 1550 700 400 700 450 700 1500 700 400 700 450 650 450 700 450 700 1500 700 1550 650 1550 700 450 650 1550 700 1550 700 1500 700 1550 700 400 700Extent=67550Mark  min:650	 max:700Space min:400	 max:1550
Decoded Unknown(0): Value:4377648 Adrs:0 (32 bits) Raw samples(68) 51168 9050 4300 650 450 700 1550 650 450 700 1550 700 1500 700 1550 650 1550 700 450 650 1550 700 450 650 1550 700 400 700 450 650 450 700 400 700 1550 700 400 700 450 650 1550 700 450 650 450 700 400 700 450 650 1550 700 1550 700 1550 650 450 650 1550 700 1550 700 1550 650 1550 700 400 700Extent=67550Mark  min:650	 max:700Space min:400	 max:1550
Decoded Unknown(0): Value:4377648 Adrs:0 (32 bits) Raw samples(68) 45368 9050 4300 700 400 700 1550 700 400 700 1550 650 1550 700 1550 650 1600 650 450 700 1500 700 450 650 1550 700 450 650 450 700 400 700 450 650 1550 700 450 650 450 650 1550 700 450 650 450 700 400 700 450 700 1550 650 1550 700 1550 650 450 700 1550 650 1550 700 1550 650 1550 700 450 650Extent=67550Mark  min:650	 max:700Space min:400	 max:1600
Decoded Unknown(0): Value:C37F6622 Adrs:0 (32 bits) Raw samples(68) 20966 9100 4250 700 450 700 1500 700 450 700 1500 700 1550 650 1550 700 1550 700 400 700 1550 650 450 700 1550 650 450 700 400 700 450 650 450 700 1550 650 1550 700 400 700 1550 700 1550 650 1550 700 450 650 450 650 1550 700 450 650 1550 700 450 700 400 700 400 700 1550 650 1550 700 450 650Extent=67550Mark  min:650	 max:700Space min:400	 max:1550
Decoded Unknown(0): Value:C37F6622 Adrs:0 (32 bits) Raw samples(68) 62754 9050 4300 650 450 700 1550 650 450 700 1550 650 1550 700 1550 650 1550 700 450 700 1500 700 400 700 1550 700 400 700 450 650 450 700 400 700 1550 700 1550 650 450 650 1550 700 1550 700 1550 650 450 700 400 700 1550 650 450 700 1550 650 450 700 400 700 450 650 1550 700 1550 650 450 700Extent=67550Mark  min:650	 max:700Space min:400	 max:1550
Decoded Unknown(0): Value:C37F6622 Adrs:0 (32 bits) Raw samples(68) 35732 9050 4300 650 450 700 1550 650 450 700 1550 650 1550 700 1550 650 1550 700 450 650 1550 700 450 650 1550 700 450 650 450 650 450 700 450 650 1550 700 1550 650 450 700 1550 650 1550 700 1550 650 450 700 400 700 1550 650 450 700 1550 650 450 700 400 700 450 650 1550 700 1550 700 400 700Extent=67550Mark  min:650	 max:700Space min:400	 max:1550
Decoded Unknown(0): Value:C37F6622 Adrs:0 (32 bits) Raw samples(68) 45718 9050 4300 700 450 700 1500 700 450 650 1550 700 1550 650 1550 700 1550 650 450 700 1550 650 450 700 1550 650 450 700 400 700 450 650 450 700 1550 650 1550 700 400 700 1550 700 1550 650 1550 700 400 700 450 650 1550 700 450 650 1550 700 450 650 450 700 400 700 1550 650 1550 700 450 650Extent=67550Mark  min:650	 max:700Space min:400	 max:1550
Decoded Unknown(0): Value:BF04280A Adrs:0 (32 bits) Raw samples(68) 62796 9050 4300 700 400 700 1550 650 450 700 1550 650 1550 700 1550 650 1550 700 450 650 1550 700 450 650 1550 700 450 650 450 700 400 700 450 650 1550 700 1550 650 1550 700 450 650 1550 700 450 650 1550 700 1550 700 400 700 450 700 400 700 1550 650 450 650 1550 700 450 650 450 700 400 700Extent=66450Mark  min:650	 max:700Space min:400	 max:1550
Decoded Unknown(0): Value:BF04280A Adrs:0 (32 bits) Raw samples(68) 35732 9050 4300 700 400 700 1550 700 400 700 1550 650 1550 700 1550 700 1550 650 450 700 1500 700 450 650 1550 700 450 650 450 700 400 700 450 650 1550 700 1550 650 1550 700 450 700 1500 700 450 700 1550 650 1550 700 400 700 450 650 450 700 1550 650 450 700 1500 700 450 650 450 700 400 700Extent=66450Mark  min:650	 max:700Space min:400	 max:1550
Decoded Unknown(0): Value:BF04280A Adrs:0 (32 bits) Raw samples(68) 39118 9000 4350 700 400 700 1550 700 400 700 1550 650 1550 700 1550 700 1500 700 450 650 1550 700 400 700 1550 700 400 700 450 650 450 700 400 700 1550 700 1550 650 1550 700 400 700 1550 700 450 650 1550 700 1550 650 450 700 400 700 450 650 1550 650 500 650 1550 700 400 700 450 650 450 700Extent=66450Mark  min:650	 max:700Space min:400	 max:1550
Decoded Unknown(0): Value:BF04280A Adrs:0 (32 bits) Raw samples(68) 33990 9050 4300 650 450 700 1550 700 400 700 1550 700 1500 700 1550 650 1550 700 450 650 1550 700 450 650 1550 700 400 700 450 650 450 700 400 700 1550 700 1550 650 1550 700 450 650 1550 700 450 650 1550 700 1550 650 450 700 450 650 450 650 1550 700 450 650 1550 650 500 650 450 700 400 700Extent=66450Mark  min:650	 max:700Space min:400	 max:1550
Decoded Unknown(0): Value:AF9F53FF Adrs:0 (32 bits) Raw samples(68) 62228 9000 4300 700 450 650 1550 700 450 650 1550 700 1550 700 1500 700 1550 700 400 700 1550 700 400 700 1550 650 450 700 400 700 450 650 450 700 1550 650 450 700 1550 650 450 700 1550 650 1550 700 450 650 450 700 400 700 1550 700 400 700 1550 650 450 700 400 700 1550 700 1550 650 1550 700Extent=67550Mark  min:650	 max:700Space min:400	 max:1550
Decoded Unknown(0): Value:AF9F53FF Adrs:0 (32 bits) Raw samples(68) 41396 9050 4300 650 450 700 1550 700 400 700 1550 700 1500 700 1550 650 1550 700 450 700 1500 700 450 650 1550 700 400 700 450 650 450 700 400 700 1550 700 400 700 1550 700 400 700 1550 650 1600 650 450 700 400 700 450 650 1550 700 450 650 1550 700 400 700 450 650 1550 650 1600 650 1550 700Extent=67550Mark  min:650	 max:700Space min:400	 max:1600
Decoded Unknown(0): Value:AF9F53FF Adrs:0 (32 bits) Raw samples(68) 21890 9000 4350 700 400 700 1550 700 400 700 1550 700 1500 700 1550 650 1550 700 450 650 1550 700 450 650 1550 700 400 700 450 650 450 700 400 700 1550 700 400 700 1550 700 400 700 1550 700 1550 650 450 700 400 700 450 650 1550 700 450 650 1550 700 400 700 450 650 1550 700 1550 700 1550 650Extent=67550Mark  min:650	 max:700Space min:400	 max:1550
Decoded Unknown(0): Value:AF9F53FF Adrs:0 (32 bits) Raw samples(68) 60632 9050 4300 700 400 700 1550 650 450 700 1550 650 1550 700 1550 650 1550 700 450 650 1550 700 450 650 1550 700 450 650 450 650 450 700 400 700 1550 700 400 700 1550 700 400 700 1550 700 1550 650 450 700 400 700 450 650 1550 700 450 650 1550 700 400 700 450 650 1550 700 1550 700 1550 650Extent=67550Mark  min:650	 max:700Space min:400	 max:1550
Decoded Unknown(0): Value:E04A4EFE Adrs:0 (32 bits) Raw samples(68) 21480 9050 4300 750 350 750 1500 750 350 750 1500 700 1550 700 1500 750 1500 700 400 700 1550 700 400 700 1500 750 400 700 400 700 400 700 450 650 1550 700 1550 700 1550 700 1500 700 1550 700 1550 700 400 700 400 700 1550 700 400 700 400 750 400 700 400 700 400 750 1500 700 1550 700 400 700Extent=67600Mark  min:650	 max:750Space min:350	 max:1550
Decoded Unknown(0): Value:E04A4EFE Adrs:0 (32 bits) Raw samples(68) 51446 9100 4250 750 400 700 1500 700 450 700 1500 750 1500 700 1500 750 1500 700 400 700 1550 700 400 700 1550 700 400 700 400 700 450 700 400 750 1500 700 1500 700 1550 700 1500 750 1500 700 1550 700 400 700 400 750 1500 700 400 700 450 700 400 700 400 750 400 700 1500 750 1500 700 400 750Extent=67650Mark  min:700	 max:750Space min:400	 max:1550
Decoded Unknown(0): Value:E04A4EFE Adrs:0 (32 bits) Raw samples(68) 36774 9100 4250 700 450 700 1500 750 350 750 1500 700 1550 700 1500 750 1500 700 400 750 1500 700 400 750 1500 700 400 750 350 750 400 700 400 750 1450 750 1500 700 1550 700 1500 700 1550 750 1500 700 400 750 350 750 1500 700 400 750 400 700 400 700 400 700 450 700 1500 700 1550 700 400 700Extent=67600Mark  min:700	 max:750Space min:350	 max:1550
Decoded Unknown(0): Value:E04A4EFE Adrs:0 (32 bits) Raw samples(68) 28618 9050 4300 700 450 700 1500 700 400 750 1500 700 1550 650 1550 700 1550 700 400 700 1550 700 400 700 1550 650 450 650 450 700 400 750 400 700 1500 700 1550 700 1550 650 1550 700 1550 700 1550 700 400 700 400 700 1550 700 400 700 450 700 400 700 400 700 400 750 1500 700 1550 650 450 700Extent=67600Mark  min:650	 max:750Space min:400	 max:1550
Decoded Unknown(0): Value:E102F540 Adrs:0 (32 bits) Raw samples(68) 7832 9100 4250 750 350 750 1500 750 350 750 1500 700 1500 750 1500 750 1500 700 400 700 1500 750 400 700 1500 700 450 700 400 700 400 750 400 700 1500 750 400 700 1500 700 1550 700 1500 700 1550 700 400 750 1500 700 1500 700 1550 700 400 750 400 700 400 750 350 750 1500 700 400 750 400 700Extent=67600Mark  min:700	 max:750Space min:350	 max:1550
Decoded Unknown(0): Value:E102F540 Adrs:0 (32 bits) Raw samples(68) 44704 9100 4250 750 350 750 1500 750 350 750 1500 700 1500 750 1500 750 1450 750 400 700 1500 700 450 700 1500 750 400 700 400 700 400 700 450 700 1500 750 350 750 1500 700 1550 700 1500 750 1500 700 400 750 1500 700 1500 750 1500 750 350 750 400 700 400 700 400 750 1500 700 400 750 350 750Extent=67600Mark  min:700	 max:750Space min:350	 max:1550
Decoded Unknown(0): Value:E102F540 Adrs:0 (32 bits) Raw samples(68) 36690 9050 4300 650 450 700 1550 650 450 700 1550 650 1550 700 1550 650 1550 700 450 650 1550 700 450 700 1500 700 450 650 450 650 500 650 450 650 1550 700 400 700 1550 700 1550 650 1550 700 1550 650 450 700 1550 650 1550 700 1550 650 500 650 450 600 500 650 500 650 1550 650 450 700 450 650Extent=67550Mark  min:600	 max:700Space min:400	 max:1550
Decoded Unknown(0): Value:E102F540 Adrs:0 (32 bits) Raw samples(68) 13504 9000 4300 700 400 700 1550 650 450 700 1550 650 1550 700 1550 700 1550 650 450 650 1550 700 450 650 1550 700 450 650 450 700 450 650 450 650 1550 700 450 650 1550 700 1550 650 1550 700 1550 650 500 650 1550 650 1550 700 1550 700 450 650 450 650 450 650 500 650 1550 650 500 650 450 650Extent=67500Mark  min:650	 max:700Space min:400	 max:1550
Decoded Unknown(0): Value:A88FBF84 Adrs:0 (32 bits) Raw samples(68) 15660 9050 4250 700 450 700 1500 750 400 700 1500 700 1550 700 1500 700 1550 700 400 700 1550 650 500 650 1550 700 400 700 450 650 450 700 400 700 1550 700 400 700 1500 700 1550 700 1550 700 1500 700 450 700 400 700 1500 700 1550 700 400 700 450 700 400 700 450 650 1550 700 1500 700 450 700Extent=67550Mark  min:650	 max:750Space min:400	 max:1550
Decoded Unknown(0): Value:A88FBF84 Adrs:0 (32 bits) Raw samples(68) 1868 9050 4250 750 350 750 1500 750 350 750 1500 700 1500 750 1500 700 1550 700 400 750 1500 700 400 700 1500 750 400 700 400 700 450 650 450 700 1500 700 450 700 1500 750 1500 700 1500 750 1500 700 400 750 400 700 1500 750 1500 700 400 750 400 700 400 700 450 650 1550 700 1500 700 450 700Extent=67550Mark  min:650	 max:750Space min:350	 max:1550
Decoded Unknown(0): Value:A88FBF84 Adrs:0 (32 bits) Raw samples(68) 50076 9050 4250 750 400 750 1450 750 400 700 1500 700 1550 700 1500 750 1500 700 400 750 1500 700 400 700 1550 700 400 700 450 700 400 700 450 700 1500 700 400 750 1500 700 1500 750 1500 700 1500 750 400 700 400 700 1550 700 1500 700 450 700 400 700 450 650 450 700 1500 750 1500 700 400 700Extent=67550Mark  min:650	 max:750Space min:400	 max:1550
Decoded Unknown(0): Value:A88FBF84 Adrs:0 (32 bits) Raw samples(68) 4826 9100 4250 750 400 700 1500 750 400 700 1500 750 1500 700 1500 750 1500 700 400 700 1550 700 400 750 1500 700 400 750 350 750 400 700 400 750 1500 700 400 700 1550 700 1500 700 1550 700 1500 750 400 700 400 700 1550 700 1500 750 350 750 400 700 400 700 400 750 1500 700 1550 700 400 700Extent=67600Mark  min:700	 max:750Space min:350	 max:1550
Decoded Unknown(0): Value:23D888A8 Adrs:0 (32 bits) Raw samples(68) 18122 9050 4250 750 350 750 1500 750 350 750 1500 750 1450 750 1500 750 1500 700 400 700 1550 700 400 700 1500 750 400 700 400 750 350 750 400 700 1500 700 450 700 1500 700 450 700 1500 750 400 700 1500 750 350 750 1500 750 1500 700 400 750 1450 750 400 700 1500 750 400 700 1500 750 400 700Extent=67550Mark  min:700	 max:750Space min:350	 max:1550
Decoded Unknown(0): Value:23D888A8 Adrs:0 (32 bits) Raw samples(68) 33068 9050 4250 750 400 700 1500 750 400 700 1500 750 1500 700 1500 750 1500 750 350 750 1500 700 400 750 1500 700 400 750 350 750 400 700 400 750 1500 700 400 700 1550 700 400 700 1500 750 400 700 1500 750 400 700 1500 750 1500 700 400 750 1500 700 400 750 1500 700 400 750 1450 750 400 700Extent=67550Mark  min:700	 max:750Space min:350	 max:1550
Decoded Unknown(0): Value:23D888A8 Adrs:0 (32 bits) Raw samples(68) 49454 9100 4250 750 350 750 1500 700 400 750 1500 700 1500 750 1500 750 1450 750 400 700 1500 750 400 700 1500 750 400 700 400 750 350 750 400 700 1500 750 350 750 1500 750 350 750 1500 750 350 750 1500 750 350 750 1500 700 1500 750 400 700 1500 750 400 700 1500 750 350 750 1500 750 350 750Extent=67600Mark  min:700	 max:750Space min:350	 max:1500
Decoded Unknown(0): Value:23D888A8 Adrs:0 (32 bits) Raw samples(68) 44518 9050 4300 700 400 750 1500 700 400 700 1550 700 1500 750 1500 700 1500 750 400 700 1500 750 400 700 1500 750 350 750 400 700 400 750 350 750 1500 700 400 700 1550 700 400 700 1550 700 400 700 1550 700 400 700 1550 700 1500 750 400 700 1500 750 350 750 1500 700 400 700 1550 700 400 700Extent=67550Mark  min:700	 max:750Space min:350	 max:1550
Decoded Unknown(0): Value:FAE275E8 Adrs:0 (32 bits) Raw samples(68) 13908 9050 4300 750 350 750 1500 750 350 750 1500 700 1500 750 1500 750 1500 700 400 700 1550 700 400 700 1500 750 400 700 400 700 400 700 450 700 1500 700 450 700 400 700 1550 700 1500 750 1500 700 400 700 450 700 1500 700 1550 700 1500 750 400 700 400 700 400 750 1500 750 1500 700 400 700Extent=67600Mark  min:700	 max:750Space min:350	 max:1550
Decoded Unknown(0): Value:FAE275E8 Adrs:0 (32 bits) Raw samples(68) 52176 9050 4300 750 350 750 1500 700 400 750 1500 700 1500 750 1500 700 1500 750 400 700 1500 750 400 700 1500 750 350 750 400 700 400 700 400 750 1500 700 400 700 450 700 1500 750 1500 700 1550 700 400 700 400 700 1550 700 1550 700 1500 700 400 750 400 700 400 700 1550 700 1500 750 400 700Extent=67600Mark  min:700	 max:750Space min:350	 max:1550
Decoded Unknown(0): Value:B95A280 Adrs:0 (32 bits) Raw samples(68) 42726 9000 4350 700 400 700 1550 700 400 700 1500 750 1500 700 1550 700 1500 750 400 700 1500 750 350 750 1500 750 350 700 450 700 400 700 400 750 1500 750 350 700 450 700 1500 750 1500 700 1550 700 400 700 400 700 1550 700 1500 750 1500 700 400 700 450 700 400 700 1550 700 1500 700 400 700Extent=67550Mark  min:700	 max:750Space min:350	 max:1550
Decoded Unknown(0): Value:FAE275E8 Adrs:0 (32 bits) Raw samples(68) 51976 9100 4250 750 400 700 1500 750 400 700 1500 700 1550 700 1500 700 1550 700 400 700 1550 700 400 700 1550 700 400 700 400 700 450 700 400 700 1550 700 400 700 400 700 1550 700 1500 750 1500 700 450 700 400 700 1500 750 1500 700 1550 700 400 700 400 700 450 700 1500 750 1500 700 400 700Extent=67600Mark  min:700	 max:750Space min:400	 max:1550
Decoded Unknown(0): Value:8AEE8B65 Adrs:0 (32 bits) Raw samples(68) 15110 9050 4300 750 1500 700 1500 750 1500 750 1450 750 1500 700 1550 700 1500 750 350 750 1500 750 350 700 450 700 400 700 400 700 450 700 400 700 400 700 450 700 400 700 400 700 450 700 400 700 1500 750 1500 750 350 750 1500 750 1500 700 1500 750 1500 700 1500 750 350 750 400 700 1500 750Extent=67600Mark  min:700	 max:750Space min:350	 max:1550
Decoded Unknown(0): Value:9349B5BC Adrs:0 (32 bits) Raw samples(68) 2574 8950 4350 750 1500 700 1500 750 1500 700 1550 700 1500 700 1550 700 1500 700 450 650 1550 700 400 700 450 650 450 700 400 700 450 650 450 700 400 700 450 650 450 700 400 700 450 650 450 700 1550 700 1500 700 400 700 1550 700 1550 700 1500 700 1550 700 1500 700 450 700 400 650 1600 650Extent=67500Mark  min:650	 max:750Space min:400	 max:1600
Decoded Unknown(0): Value:9349B5BC Adrs:0 (32 bits) Raw samples(68) 30358 9000 4350 700 1500 750 1500 700 1550 700 1500 700 1550 700 1500 700 1550 700 400 700 1550 650 450 700 400 700 450 650 450 650 450 650 500 650 450 650 450 700 450 650 450 650 450 700 450 650 1550 700 1550 700 400 700 1550 700 1500 700 1550 650 1550 700 1550 700 400 700 450 650 1550 700Extent=67550Mark  min:650	 max:750Space min:400	 max:1550
Decoded Unknown(0): Value:9349B5BC Adrs:0 (32 bits) Raw samples(68) 27768 9000 4350 700 1500 750 1500 700 1550 700 1500 700 1550 700 1500 700 1550 650 450 700 1550 650 450 700 400 700 450 650 450 700 400 700 450 650 450 700 400 700 450 650 450 650 450 650 500 650 1550 700 1550 650 450 650 1600 650 1550 700 1550 650 1550 700 1550 700 400 700 450 650 1550 700Extent=67550Mark  min:650	 max:750Space min:400	 max:1600
Decoded Unknown(0): Value:5A4EA2BB Adrs:0 (32 bits) Raw samples(68) 49028 9000 4350 700 450 650 1550 700 400 700 1550 700 1550 650 1550 700 1550 700 400 700 1550 650 450 700 1550 700 400 700 400 700 450 650 450 650 1600 650 1550 700 1550 650 450 700 1550 650 1550 700 450 650 450 650 450 700 450 650 450 650 1550 700 450 650 450 700 1550 700 1500 700 1550 650Extent=67550Mark  min:650	 max:700Space min:400	 max:1600
Decoded Unknown(0): Value:5A4EA2BB Adrs:0 (32 bits) Raw samples(68) 1518 9000 4350 700 400 700 1550 650 450 650 1550 700 1550 700 1550 650 1550 700 450 650 1550 700 400 700 1550 700 400 700 450 650 450 700 400 700 1550 700 1550 650 1550 700 400 700 1550 700 1550 650 450 700 400 700 450 650 450 700 400 650 1600 650 450 700 400 700 1550 700 1550 650 1550 700Extent=67550Mark  min:650	 max:700Space min:400	 max:1600
Decoded Unknown(0): Value:5A4EA2BB Adrs:0 (32 bits) Raw samples(68) 6386 9000 4350 750 350 700 1550 700 400 700 1550 700 1500 700 1550 700 1500 750 400 700 1500 700 450 650 1550 700 450 650 450 650 450 650 500 650 1550 700 1550 700 1500 700 450 700 1500 700 1550 700 400 700 400 700 450 650 450 700 400 700 1550 700 400 700 450 650 1550 700 1550 650 1550 750Extent=67600Mark  min:650	 max:750Space min:350	 max:1550
Decoded Unknown(0): Value:5A4EA2BB Adrs:0 (32 bits) Raw samples(68) 11718 9000 4350 700 450 650 1550 700 400 700 1550 700 1550 650 1550 700 1550 650 450 700 1550 650 450 700 1550 650 450 650 450 700 450 650 450 650 1600 650 1550 700 1550 700 400 700 1550 700 1500 700 450 650 450 650 450 700 450 650 450 650 1550 700 450 650 450 650 1600 650 1550 700 1550 700Extent=67600Mark  min:650	 max:700Space min:400	 max:1600
Decoded Unknown(0): Value:2DADEFA4 Adrs:0 (32 bits) Raw samples(68) 47620 9000 4350 700 400 650 1550 700 450 650 1550 700 1550 700 1550 650 1550 700 400 700 1550 700 400 700 1550 700 400 700 450 650 450 700 400 700 1550 650 450 700 1550 650 1550 700 1550 650 500 650 1550 700 450 650 1550 700 1550 650 450 700 400 650 500 650 1550 700 450 650 1550 700 400 700Extent=67550Mark  min:650	 max:700Space min:400	 max:1550
Decoded Unknown(0): Value:2DADEFA4 Adrs:0 (32 bits) Raw samples(68) 30468 9000 4350 700 400 700 1550 650 450 700 1550 650 1550 700 1550 650 1550 700 450 650 1550 700 450 650 1550 700 450 650 450 650 450 700 400 700 1550 700 400 700 1550 700 1550 650 1550 700 450 650 1550 700 450 650 1550 700 1550 700 400 700 450 650 450 650 1550 700 450 650 1550 700 450 650Extent=67550Mark  min:650	 max:700Space min:400	 max:1550
Decoded Unknown(0): Value:2DADEFA4 Adrs:0 (32 bits) Raw samples(68) 47290 9050 4300 700 400 700 1550 650 450 650 1600 650 1550 700 1550 650 1550 700 450 650 1550 700 450 650 1550 700 400 700 450 650 450 700 400 700 1550 700 400 650 1600 650 1600 650 1550 650 500 650 1550 700 450 650 1550 700 1550 650 450 700 450 650 450 650 1550 700 450 650 1550 700 450 650Extent=67550Mark  min:650	 max:700Space min:400	 max:1600
Decoded Unknown(0): Value:2DADEFA4 Adrs:0 (32 bits) Raw samples(68) 46254 9050 4300 700 450 700 1500 700 450 650 1550 700 1550 700 1500 700 1550 650 450 700 1550 650 450 700 1550 700 400 700 400 700 450 650 450 700 1550 650 450 650 1550 700 1550 700 1550 650 450 700 1550 650 450 650 1600 650 1550 700 450 650 450 700 400 700 1550 650 450 700 1550 650 450 700Extent=67600Mark  min:650	 max:700Space min:400	 max:1600
Decoded Unknown(0): Value:95A1EBDA Adrs:0 (32 bits) Raw samples(68) 59016 9050 4300 700 400 700 1550 700 400 700 1550 700 1500 700 1550 700 1550 650 450 650 1550 700 450 650 1550 700 450 650 450 700 400 650 500 650 1550 700 1550 650 1550 700 450 650 1550 700 450 650 1600 650 450 650 1600 650 450 650 450 700 1550 650 450 700 1550 650 450 700 1550 650 450 650Extent=67550Mark  min:650	 max:700Space min:400	 max:1600
Decoded Unknown(0): Value:95A1EBDA Adrs:0 (32 bits) Raw samples(68) 55224 9000 4350 700 400 700 1550 650 450 700 1550 650 1550 700 1550 650 1550 700 450 650 1550 700 400 700 1550 650 450 650 500 650 450 650 450 650 1600 700 1550 650 1550 700 400 700 1550 700 450 650 1550 700 450 650 1550 700 400 700 450 650 1550 700 450 650 1550 700 450 650 1550 700 450 650Extent=67550Mark  min:650	 max:700Space min:400	 max:1600
Decoded Unknown(0): Value:95A1EBDA Adrs:0 (32 bits) Raw samples(68) 22718 9000 4350 700 400 700 1550 700 400 700 1550 700 1500 700 1550 700 1500 700 450 650 1550 700 450 650 1550 700 400 700 450 650 450 700 400 700 1550 700 1550 650 1550 700 450 650 1550 700 450 650 1550 700 450 650 1550 700 450 650 450 700 1550 650 450 700 1500 700 450 650 1550 700 450 650Extent=67550Mark  min:650	 max:700Space min:400	 max:1550
Decoded Unknown(0): Value:95A1EBDA Adrs:0 (32 bits) Raw samples(68) 28890 9000 4300 700 450 650 1550 700 450 650 1550 700 1550 700 1500 700 1550 700 400 700 1550 700 400 700 1550 650 450 650 500 650 450 650 450 700 1550 650 1550 700 1550 700 400 700 1550 650 500 650 1550 700 400 700 1550 700 400 700 450 650 1550 700 450 650 1550 700 450 650 1550 700 400 700Extent=67550Mark  min:650	 max:700Space min:400	 max:1550
Decoded Unknown(0): Value:1C2CF8DF Adrs:0 (32 bits) Raw samples(68) 39110 9000 4350 750 400 700 1500 700 450 650 1550 700 1550 650 1550 700 1550 700 400 650 1600 650 450 700 1550 650 450 650 450 700 450 650 450 700 1550 650 450 700 400 700 1550 650 1600 650 1550 700 450 650 450 650 450 650 1600 700 1550 650 450 650 450 700 450 650 1550 700 1550 650 1550 700Extent=67600Mark  min:650	 max:750Space min:400	 max:1600
Decoded Unknown(0): Value:1C2CF8DF Adrs:0 (32 bits) Raw samples(68) 2426 9000 4350 700 400 700 1550 700 400 700 1550 700 1500 700 1550 650 1550 700 450 650 1550 700 450 650 1550 700 400 700 450 650 450 700 400 700 1550 700 400 700 450 650 1550 700 1550 650 1600 650 450 700 400 700 450 650 1550 700 1550 700 400 700 450 650 450 650 1550 700 1550 700 1550 700Extent=67600Mark  min:650	 max:700Space min:400	 max:1600
Decoded Unknown(0): Value:1C2CF8DF Adrs:0 (32 bits) Raw samples(68) 52640 9050 4300 700 450 700 1500 700 450 700 1500 700 1550 650 1550 700 1550 700 400 700 1550 700 400 700 1550 650 450 700 400 700 450 650 450 700 1550 650 450 700 400 700 1550 700 1550 650 1550 650 500 650 450 700 400 700 1550 700 1550 650 450 650 450 700 450 650 1550 700 1550 650 1550 700Extent=67600Mark  min:650	 max:700Space min:400	 max:1550
Decoded Unknown(0): Value:1C2CF8DF Adrs:0 (32 bits) Raw samples(68) 54596 9050 4300 700 400 700 1550 700 400 700 1550 650 1550 700 1550 700 1550 700 400 700 1500 700 450 650 1550 700 450 650 450 700 400 700 450 650 1550 700 450 650 450 700 1550 650 1550 700 1550 700 400 700 450 650 450 650 1600 650 1550 700 400 700 450 650 450 700 1550 650 1550 700 1550 650Extent=67550Mark  min:650	 max:700Space min:400	 max:1600
Decoded Unknown(0): Value:6BFB18DE Adrs:0 (32 bits) Raw samples(68) 60098 9000 4300 750 350 750 1500 750 350 750 1500 750 1500 700 1500 750 1500 700 400 750 1500 700 400 700 1500 750 400 700 400 700 400 750 400 700 1500 750 1500 700 400 700 1550 700 400 700 450 700 1500 750 350 750 1500 750 350 750 1500 750 350 750 1500 700 1500 750 400 700 1500 750 400 700Extent=67550Mark  min:700	 max:750Space min:350	 max:1550
Decoded Unknown(0): Value:6BFB18DE Adrs:0 (32 bits) Raw samples(68) 36642 9050 4300 700 450 700 1500 700 400 750 1500 700 1550 700 1500 700 1550 700 400 700 1550 700 400 700 1550 700 400 700 400 700 450 700 400 700 1550 700 1500 700 400 700 1550 700 400 700 450 700 1500 700 450 700 1500 700 400 700 1550 700 400 700 1550 700 1550 650 450 700 1550 650 450 650Extent=67550Mark  min:650	 max:750Space min:400	 max:1550
Decoded Unknown(0): Value:6BFB18DE Adrs:0 (32 bits) Raw samples(68) 20112 9050 4300 700 400 700 1550 700 400 700 1550 700 1500 700 1550 700 1550 700 400 700 1550 650 450 650 1550 750 400 700 400 700 400 700 450 700 1500 700 1550 700 400 700 1550 700 400 700 400 700 1550 700 400 700 1550 700 400 700 1550 650 450 700 1550 700 1500 700 450 700 1500 700 450 700Extent=67600Mark  min:650	 max:750Space min:400	 max:1550
Received NEC Value:0x5EA1659A
Received NECrepeat; ignoring.
 Value:0x5EA1659A
Received NECrepeat; ignoring.
 Value:0x5EA1659A
Received NECrepeat; ignoring.
 Value:0x5EA1659A
Decoded Unknown(0): Value:1950DBA Adrs:0 (32 bits) Raw samples(68) 34656 9000 4350 650 450 700 1550 650 450 700 1550 650 1550 700 1550 650 1550 700 450 650 1550 700 450 650 1550 700 400 700 450 650 450 650 450 700 1550 700 1550 650 1550 650 1600 650 450 700 450 650 1550 700 450 650 1550 700 450 650 450 700 400 700 1550 650 1550 700 450 650 1550 700 450 650Extent=67550Mark  min:650	 max:700Space min:400	 max:1600
Decoded Unknown(0): Value:9B06EF62 Adrs:0 (32 bits) Raw samples(68) 41434 9000 4350 700 400 700 1500 750 400 650 1550 700 1550 700 1550 700 1500 700 400 700 1550 700 400 700 1550 700 400 700 450 650 450 650 450 700 1550 650 1550 750 400 700 1500 700 450 650 450 700 1550 650 1550 700 1550 650 450 700 1550 650 450 700 1550 650 1550 700 400 700 450 650 450 700Extent=67550Mark  min:650	 max:750Space min:400	 max:1550
Decoded Unknown(0): Value:EA9D2D84 Adrs:0 (32 bits) Raw samples(68) 11342 9050 4300 750 400 700 1500 700 450 650 1550 700 1550 700 1500 700 1550 700 400 700 1550 700 400 700 1550 700 400 700 400 700 450 700 400 700 1550 700 400 700 1550 650 1550 700 400 700 450 650 1550 700 1550 700 1500 700 1550 700 400 700 450 650 1550 700 1550 700 400 700 450 650 450 650Extent=67550Mark  min:650	 max:750Space min:400	 max:1550
Decoded Unknown(0): Value:886A0FE Adrs:0 (32 bits) Raw samples(68) 17392 9000 4350 700 400 700 1550 700 400 650 1600 650 1550 700 1550 700 1500 700 450 650 1550 700 450 650 1550 700 400 700 450 650 450 700 400 700 1550 700 1550 700 1500 700 1550 700 400 700 450 650 1550 700 1550 700 1550 700 400 650 450 650 500 650 1550 700 1550 650 450 700 400 700 450 650Extent=67550Mark  min:650	 max:700Space min:400	 max:1600
Decoded Unknown(0): Value:772E0C48 Adrs:0 (32 bits) Raw samples(68) 8528 9000 4350 650 450 700 1500 700 450 700 1500 700 1550 700 1550 650 1550 700 400 750 1500 700 400 750 1500 700 400 700 450 700 400 700 400 700 1550 700 400 700 400 750 400 700 1500 750 400 700 1550 700 1500 700 1550 700 1500 700 1550 700 1500 750 400 700 1500 700 450 700 400 700 400 700Extent=67550Mark  min:650	 max:750Space min:400	 max:1550
Decoded Unknown(0): Value:FCA0489E Adrs:0 (32 bits) Raw samples(68) 16538 9050 4300 700 450 650 1550 700 450 700 1500 700 1550 650 1550 700 1550 700 400 700 1550 700 400 650 1600 650 450 700 400 700 450 650 450 700 1550 650 1550 700 450 650 450 650 450 650 1600 650 1550 700 450 650 1550 700 450 650 1550 700 1550 650 1550 700 450 650 450 700 1550 650 450 650Extent=67550Mark  min:650	 max:700Space min:400	 max:1600
Decoded Unknown(0): Value:DAA8AC80 Adrs:0 (32 bits) Raw samples(68) 44464 9000 4350 700 400 700 1550 700 400 700 1550 650 1550 700 1550 650 1550 700 450 650 1550 700 400 700 1550 700 400 700 450 650 450 650 450 700 1550 700 400 700 1550 700 400 700 450 650 1550 700 1550 650 450 700 1550 650 1550 700 450 650 1550 700 1550 650 450 700 400 700 1550 700 400 700Extent=67550Mark  min:650	 max:700Space min:400	 max:1550
Decoded Unknown(0): Value:74F2B802 Adrs:0 (32 bits) Raw samples(68) 26226 9050 4300 700 450 700 1500 700 400 700 1550 700 1550 650 1550 700 1550 650 450 700 1550 650 450 700 1550 650 450 700 400 700 400 750 400 700 1500 750 1500 700 1550 700 400 700 400 700 1550 700 1550 700 400 700 1550 700 400 700 400 700 1550 700 1500 750 400 700 400 700 1550 700 400 700Extent=67600Mark  min:650	 max:750Space min:400	 max:1550
